match_id,home,away,home_score,away_score,market,line,side,period,avg_odds,n_bookies
b5yhVdv8,Alcaraz C.,Fritz T.,2,2,ou,2.50,over,ft,2.703,3
b5yhVdv8,Alcaraz C.,Fritz T.,2,2,ou,2.50,under,ft,1.49,3
b5yhVdv8,Alcaraz C.,Fritz T.,2,2,ou,16.50,over,ft,1.07,2
b5yhVdv8,Alcaraz C.,Fritz T.,2,2,ou,16.50,under,ft,6.31,2
b5yhVdv8,Alcaraz C.,Fritz T.,2,2,ou,17.50,over,ft,1.16,2
b5yhVdv8,Alcaraz C.,Fritz T.,2,2,ou,17.50,under,ft,4.32,2
b5yhVdv8,Alcaraz C.,Fritz T.,2,2,ou,18.50,over,ft,1.21,2
b5yhVdv8,Alcaraz C.,Fritz T.,2,2,ou,18.50,under,ft,3.68,2
b5yhVdv8,Alcaraz C.,Fritz T.,2,2,ou,19.00,over,ft,1.25,2
b5yhVdv8,Alcaraz C.,Fritz T.,2,2,ou,19.00,under,ft,3.42,2
b5yhVdv8,Alcaraz C.,Fritz T.,2,2,ou,19.50,over,ft,1.49,2
b5yhVdv8,Alcaraz C.,Fritz T.,2,2,ou,19.50,under,ft,2.63,2
b5yhVdv8,Alcaraz C.,Fritz T.,2,2,ou,20.00,over,ft,1.55,2
b5yhVdv8,Alcaraz C.,Fritz T.,2,2,ou,20.00,under,ft,2.46,2
b5yhVdv8,Alcaraz C.,Fritz T.,2,2,ou,20.50,over,ft,1.602,5
b5yhVdv8,Alcaraz C.,Fritz T.,2,2,ou,20.50,under,ft,2.256,5
b5yhVdv8,Alcaraz C.,Fritz T.,2,2,ou,21.00,over,ft,1.67,5
b5yhVdv8,Alcaraz C.,Fritz T.,2,2,ou,21.00,under,ft,2.214,5
b5yhVdv8,Alcaraz C.,Fritz T.,2,2,ou,21.50,over,ft,1.726,7
b5yhVdv8,Alcaraz C.,Fritz T.,2,2,ou,21.50,under,ft,2.099,7
b5yhVdv8,Alcaraz C.,Fritz T.,2,2,ou,22.00,over,ft,1.792,5
b5yhVdv8,Alcaraz C.,Fritz T.,2,2,ou,22.00,under,ft,2.014,5
b5yhVdv8,Alcaraz C.,Fritz T.,2,2,ou,22.50,over,ft,1.991,7
b5yhVdv8,Alcaraz C.,Fritz T.,2,2,ou,22.50,under,ft,1.81,7
b5yhVdv8,Alcaraz C.,Fritz T.,2,2,ou,23.00,over,ft,2.232,5
b5yhVdv8,Alcaraz C.,Fritz T.,2,2,ou,23.00,under,ft,1.666,5
b5yhVdv8,Alcaraz C.,Fritz T.,2,2,ou,23.50,over,ft,2.367,6
b5yhVdv8,Alcaraz C.,Fritz T.,2,2,ou,23.50,under,ft,1.583,6
b5yhVdv8,Alcaraz C.,Fritz T.,2,2,ou,24.00,over,ft,2.51,2
b5yhVdv8,Alcaraz C.,Fritz T.,2,2,ou,24.00,under,ft,1.53,2
b5yhVdv8,Alcaraz C.,Fritz T.,2,2,ou,24.50,over,ft,2.483,3
b5yhVdv8,Alcaraz C.,Fritz T.,2,2,ou,24.50,under,ft,1.513,3
b5yhVdv8,Alcaraz C.,Fritz T.,2,2,ou,25.00,over,ft,2.46,2
b5yhVdv8,Alcaraz C.,Fritz T.,2,2,ou,25.00,under,ft,1.46,2
b5yhVdv8,Alcaraz C.,Fritz T.,2,2,ou,25.50,over,ft,2.51,2
b5yhVdv8,Alcaraz C.,Fritz T.,2,2,ou,25.50,under,ft,1.43,2
b5yhVdv8,Alcaraz C.,Fritz T.,2,2,ou,26.50,over,ft,3.147,3
b5yhVdv8,Alcaraz C.,Fritz T.,2,2,ou,26.50,under,ft,1.303,3
b5yhVdv8,Alcaraz C.,Fritz T.,2,2,hc,1.50,home,ft,1.105,4
b5yhVdv8,Alcaraz C.,Fritz T.,2,2,hc,1.50,away,ft,6.69,4
b5yhVdv8,Alcaraz C.,Fritz T.,2,2,hc,-1.50,home,ft,1.75,6
b5yhVdv8,Alcaraz C.,Fritz T.,2,2,hc,-1.50,away,ft,2.035,6
b5yhVdv8,Alcaraz C.,Fritz T.,2,2,hc,-0.50,home,ft,1.28,2
b5yhVdv8,Alcaraz C.,Fritz T.,2,2,hc,-0.50,away,ft,3.48,2
b5yhVdv8,Alcaraz C.,Fritz T.,2,2,hc,-1.00,home,ft,1.29,2
b5yhVdv8,Alcaraz C.,Fritz T.,2,2,hc,-1.00,away,ft,3.44,2
b5yhVdv8,Alcaraz C.,Fritz T.,2,2,hc,-1.50,home,ft,1.29,2
b5yhVdv8,Alcaraz C.,Fritz T.,2,2,hc,-1.50,away,ft,3.63,2
b5yhVdv8,Alcaraz C.,Fritz T.,2,2,hc,-2.00,home,ft,1.31,2
b5yhVdv8,Alcaraz C.,Fritz T.,2,2,hc,-2.00,away,ft,3.465,2
b5yhVdv8,Alcaraz C.,Fritz T.,2,2,hc,-2.50,home,ft,1.465,6
b5yhVdv8,Alcaraz C.,Fritz T.,2,2,hc,-2.50,away,ft,2.712,6
b5yhVdv8,Alcaraz C.,Fritz T.,2,2,hc,-3.00,home,ft,1.573,4
b5yhVdv8,Alcaraz C.,Fritz T.,2,2,hc,-3.00,away,ft,2.498,4
b5yhVdv8,Alcaraz C.,Fritz T.,2,2,hc,-3.50,home,ft,1.728,6
b5yhVdv8,Alcaraz C.,Fritz T.,2,2,hc,-3.50,away,ft,2.185,6
b5yhVdv8,Alcaraz C.,Fritz T.,2,2,hc,-4.00,home,ft,2.3,4
b5yhVdv8,Alcaraz C.,Fritz T.,2,2,hc,-4.00,away,ft,1.623,4
b5yhVdv8,Alcaraz C.,Fritz T.,2,2,hc,-4.50,home,ft,2.342,6
b5yhVdv8,Alcaraz C.,Fritz T.,2,2,hc,-4.50,away,ft,1.617,6
b5yhVdv8,Alcaraz C.,Fritz T.,2,2,hc,-5.00,home,ft,2.862,4
b5yhVdv8,Alcaraz C.,Fritz T.,2,2,hc,-5.00,away,ft,1.455,4
b5yhVdv8,Alcaraz C.,Fritz T.,2,2,hc,-5.50,home,ft,2.665,4
b5yhVdv8,Alcaraz C.,Fritz T.,2,2,hc,-5.50,away,ft,1.502,4
b5yhVdv8,Alcaraz C.,Fritz T.,2,2,hc,-6.00,home,ft,4.04,2
b5yhVdv8,Alcaraz C.,Fritz T.,2,2,hc,-6.00,away,ft,1.24,2
b5yhVdv8,Alcaraz C.,Fritz T.,2,2,hc,-6.50,home,ft,4.76,2
b5yhVdv8,Alcaraz C.,Fritz T.,2,2,hc,-6.50,away,ft,1.19,2
b5yhVdv8,Alcaraz C.,Fritz T.,2,2,hc,-7.00,home,ft,8.1,2
b5yhVdv8,Alcaraz C.,Fritz T.,2,2,hc,-7.00,away,ft,1.03,2
b5yhVdv8,Alcaraz C.,Fritz T.,2,2,hc,-7.50,home,ft,8.5,2
b5yhVdv8,Alcaraz C.,Fritz T.,2,2,hc,-7.50,away,ft,1.03,2
SSDxnfBm,Alcaraz C.,Ruud C.,2,2,ou,2.50,over,ft,3.547,3
SSDxnfBm,Alcaraz C.,Ruud C.,2,2,ou,2.50,under,ft,1.313,3
SSDxnfBm,Alcaraz C.,Ruud C.,2,2,ou,17.50,over,ft,1.28,2
SSDxnfBm,Alcaraz C.,Ruud C.,2,2,ou,17.50,under,ft,3.725,2
SSDxnfBm,Alcaraz C.,Ruud C.,2,2,ou,18.00,over,ft,1.33,2
SSDxnfBm,Alcaraz C.,Ruud C.,2,2,ou,18.00,under,ft,3.33,2
SSDxnfBm,Alcaraz C.,Ruud C.,2,2,ou,18.50,over,ft,1.48,2
SSDxnfBm,Alcaraz C.,Ruud C.,2,2,ou,18.50,under,ft,2.66,2
SSDxnfBm,Alcaraz C.,Ruud C.,2,2,ou,19.00,over,ft,1.556,5
SSDxnfBm,Alcaraz C.,Ruud C.,2,2,ou,19.00,under,ft,2.436,5
SSDxnfBm,Alcaraz C.,Ruud C.,2,2,ou,19.50,over,ft,1.679,7
SSDxnfBm,Alcaraz C.,Ruud C.,2,2,ou,19.50,under,ft,2.161,7
SSDxnfBm,Alcaraz C.,Ruud C.,2,2,ou,20.00,over,ft,1.854,5
SSDxnfBm,Alcaraz C.,Ruud C.,2,2,ou,20.00,under,ft,1.972,5
SSDxnfBm,Alcaraz C.,Ruud C.,2,2,ou,20.50,over,ft,1.994,7
SSDxnfBm,Alcaraz C.,Ruud C.,2,2,ou,20.50,under,ft,1.804,7
SSDxnfBm,Alcaraz C.,Ruud C.,2,2,ou,21.00,over,ft,2.164,5
SSDxnfBm,Alcaraz C.,Ruud C.,2,2,ou,21.00,under,ft,1.702,5
SSDxnfBm,Alcaraz C.,Ruud C.,2,2,ou,21.50,over,ft,2.206,7
SSDxnfBm,Alcaraz C.,Ruud C.,2,2,ou,21.50,under,ft,1.65,7
SSDxnfBm,Alcaraz C.,Ruud C.,2,2,ou,22.00,over,ft,2.56,2
SSDxnfBm,Alcaraz C.,Ruud C.,2,2,ou,22.00,under,ft,1.51,2
SSDxnfBm,Alcaraz C.,Ruud C.,2,2,ou,22.50,over,ft,2.627,4
SSDxnfBm,Alcaraz C.,Ruud C.,2,2,ou,22.50,under,ft,1.455,4
SSDxnfBm,Alcaraz C.,Ruud C.,2,2,ou,23.00,over,ft,3.03,2
SSDxnfBm,Alcaraz C.,Ruud C.,2,2,ou,23.00,under,ft,1.38,2
SSDxnfBm,Alcaraz C.,Ruud C.,2,2,ou,23.50,over,ft,3.2,2
SSDxnfBm,Alcaraz C.,Ruud C.,2,2,ou,23.50,under,ft,1.35,2
SSDxnfBm,Alcaraz C.,Ruud C.,2,2,ou,24.00,over,ft,2.61,2
SSDxnfBm,Alcaraz C.,Ruud C.,2,2,ou,24.00,under,ft,1.41,2
SSDxnfBm,Alcaraz C.,Ruud C.,2,2,ou,24.50,over,ft,3.24,2
SSDxnfBm,Alcaraz C.,Ruud C.,2,2,ou,24.50,under,ft,1.28,2
SSDxnfBm,Alcaraz C.,Ruud C.,2,2,ou,25.50,over,ft,3.7,2
SSDxnfBm,Alcaraz C.,Ruud C.,2,2,ou,25.50,under,ft,1.22,2
SSDxnfBm,Alcaraz C.,Ruud C.,2,2,hc,1.50,home,ft,1.038,4
SSDxnfBm,Alcaraz C.,Ruud C.,2,2,hc,1.50,away,ft,11.248,4
SSDxnfBm,Alcaraz C.,Ruud C.,2,2,hc,-1.50,home,ft,1.448,6
SSDxnfBm,Alcaraz C.,Ruud C.,2,2,hc,-1.50,away,ft,2.685,6
SSDxnfBm,Alcaraz C.,Ruud C.,2,2,hc,-1.50,home,ft,1.16,2
SSDxnfBm,Alcaraz C.,Ruud C.,2,2,hc,-1.50,away,ft,4.9,2
SSDxnfBm,Alcaraz C.,Ruud C.,2,2,hc,-2.00,home,ft,1.17,2
SSDxnfBm,Alcaraz C.,Ruud C.,2,2,hc,-2.00,away,ft,4.7,2
SSDxnfBm,Alcaraz C.,Ruud C.,2,2,hc,-2.50,home,ft,1.16,2
SSDxnfBm,Alcaraz C.,Ruud C.,2,2,hc,-2.50,away,ft,5.255,2
SSDxnfBm,Alcaraz C.,Ruud C.,2,2,hc,-3.00,home,ft,1.19,2
SSDxnfBm,Alcaraz C.,Ruud C.,2,2,hc,-3.00,away,ft,4.76,2
SSDxnfBm,Alcaraz C.,Ruud C.,2,2,hc,-3.50,home,ft,1.352,6
SSDxnfBm,Alcaraz C.,Ruud C.,2,2,hc,-3.50,away,ft,3.187,6
SSDxnfBm,Alcaraz C.,Ruud C.,2,2,hc,-4.00,home,ft,1.445,4
SSDxnfBm,Alcaraz C.,Ruud C.,2,2,hc,-4.00,away,ft,2.843,4
SSDxnfBm,Alcaraz C.,Ruud C.,2,2,hc,-4.50,home,ft,1.796,5
SSDxnfBm,Alcaraz C.,Ruud C.,2,2,hc,-4.50,away,ft,2.03,5
SSDxnfBm,Alcaraz C.,Ruud C.,2,2,hc,-5.00,home,ft,1.972,4
SSDxnfBm,Alcaraz C.,Ruud C.,2,2,hc,-5.00,away,ft,1.84,4
SSDxnfBm,Alcaraz C.,Ruud C.,2,2,hc,-5.50,home,ft,2.207,6
SSDxnfBm,Alcaraz C.,Ruud C.,2,2,hc,-5.50,away,ft,1.657,6
SSDxnfBm,Alcaraz C.,Ruud C.,2,2,hc,-6.00,home,ft,2.923,4
SSDxnfBm,Alcaraz C.,Ruud C.,2,2,hc,-6.00,away,ft,1.43,4
SSDxnfBm,Alcaraz C.,Ruud C.,2,2,hc,-6.50,home,ft,3.26,2
SSDxnfBm,Alcaraz C.,Ruud C.,2,2,hc,-6.50,away,ft,1.34,2
SSDxnfBm,Alcaraz C.,Ruud C.,2,2,hc,-7.00,home,ft,5.46,2
SSDxnfBm,Alcaraz C.,Ruud C.,2,2,hc,-7.00,away,ft,1.15,2
SSDxnfBm,Alcaraz C.,Ruud C.,2,2,hc,-7.50,home,ft,6.44,2
SSDxnfBm,Alcaraz C.,Ruud C.,2,2,hc,-7.50,away,ft,1.11,2
84Sez3Br,Brooksby J.,Fritz T.,0,0,ou,2.50,over,ft,2.713,3
84Sez3Br,Brooksby J.,Fritz T.,0,0,ou,2.50,under,ft,1.487,3
84Sez3Br,Brooksby J.,Fritz T.,0,0,ou,18.50,over,ft,1.275,2
84Sez3Br,Brooksby J.,Fritz T.,0,0,ou,18.50,under,ft,3.43,2
84Sez3Br,Brooksby J.,Fritz T.,0,0,ou,19.00,over,ft,1.315,2
84Sez3Br,Brooksby J.,Fritz T.,0,0,ou,19.00,under,ft,3.235,2
84Sez3Br,Brooksby J.,Fritz T.,0,0,ou,19.50,over,ft,1.43,2
84Sez3Br,Brooksby J.,Fritz T.,0,0,ou,19.50,under,ft,2.71,2
84Sez3Br,Brooksby J.,Fritz T.,0,0,ou,20.00,over,ft,1.495,2
84Sez3Br,Brooksby J.,Fritz T.,0,0,ou,20.00,under,ft,2.52,2
84Sez3Br,Brooksby J.,Fritz T.,0,0,ou,20.50,over,ft,1.626,7
84Sez3Br,Brooksby J.,Fritz T.,0,0,ou,20.50,under,ft,2.231,7
84Sez3Br,Brooksby J.,Fritz T.,0,0,ou,21.00,over,ft,1.698,5
84Sez3Br,Brooksby J.,Fritz T.,0,0,ou,21.00,under,ft,2.16,5
84Sez3Br,Brooksby J.,Fritz T.,0,0,ou,21.50,over,ft,1.789,7
84Sez3Br,Brooksby J.,Fritz T.,0,0,ou,21.50,under,ft,2.01,7
84Sez3Br,Brooksby J.,Fritz T.,0,0,ou,22.00,over,ft,1.936,5
84Sez3Br,Brooksby J.,Fritz T.,0,0,ou,22.00,under,ft,1.864,5
84Sez3Br,Brooksby J.,Fritz T.,0,0,ou,22.50,over,ft,2.016,7
84Sez3Br,Brooksby J.,Fritz T.,0,0,ou,22.50,under,ft,1.774,7
84Sez3Br,Brooksby J.,Fritz T.,0,0,ou,23.00,over,ft,2.266,5
84Sez3Br,Brooksby J.,Fritz T.,0,0,ou,23.00,under,ft,1.634,5
84Sez3Br,Brooksby J.,Fritz T.,0,0,ou,23.50,over,ft,2.317,3
84Sez3Br,Brooksby J.,Fritz T.,0,0,ou,23.50,under,ft,1.56,3
84Sez3Br,Brooksby J.,Fritz T.,0,0,ou,24.00,over,ft,2.4,2
84Sez3Br,Brooksby J.,Fritz T.,0,0,ou,24.00,under,ft,1.53,2
84Sez3Br,Brooksby J.,Fritz T.,0,0,ou,24.50,over,ft,2.38,3
84Sez3Br,Brooksby J.,Fritz T.,0,0,ou,24.50,under,ft,1.527,3
84Sez3Br,Brooksby J.,Fritz T.,0,0,ou,25.50,over,ft,2.59,2
84Sez3Br,Brooksby J.,Fritz T.,0,0,ou,25.50,under,ft,1.42,2
84Sez3Br,Brooksby J.,Fritz T.,0,0,ou,26.50,over,ft,2.913,3
84Sez3Br,Brooksby J.,Fritz T.,0,0,ou,26.50,under,ft,1.343,3
84Sez3Br,Brooksby J.,Fritz T.,0,0,hc,1.50,home,ft,1.937,6
84Sez3Br,Brooksby J.,Fritz T.,0,0,hc,1.50,away,ft,1.832,6
84Sez3Br,Brooksby J.,Fritz T.,0,0,hc,-1.50,home,ft,6.46,4
84Sez3Br,Brooksby J.,Fritz T.,0,0,hc,-1.50,away,ft,1.113,4
84Sez3Br,Brooksby J.,Fritz T.,0,0,hc,0.50,home,ft,3.28,2
84Sez3Br,Brooksby J.,Fritz T.,0,0,hc,0.50,away,ft,1.31,2
84Sez3Br,Brooksby J.,Fritz T.,0,0,hc,1.00,home,ft,3.22,2
84Sez3Br,Brooksby J.,Fritz T.,0,0,hc,1.00,away,ft,1.32,2
84Sez3Br,Brooksby J.,Fritz T.,0,0,hc,1.50,home,ft,3.25,2
84Sez3Br,Brooksby J.,Fritz T.,0,0,hc,1.50,away,ft,1.335,2
84Sez3Br,Brooksby J.,Fritz T.,0,0,hc,2.00,home,ft,3.055,2
84Sez3Br,Brooksby J.,Fritz T.,0,0,hc,2.00,away,ft,1.37,2
84Sez3Br,Brooksby J.,Fritz T.,0,0,hc,2.50,home,ft,2.71,2
84Sez3Br,Brooksby J.,Fritz T.,0,0,hc,2.50,away,ft,1.455,2
84Sez3Br,Brooksby J.,Fritz T.,0,0,hc,3.00,home,ft,2.518,4
84Sez3Br,Brooksby J.,Fritz T.,0,0,hc,3.00,away,ft,1.542,4
84Sez3Br,Brooksby J.,Fritz T.,0,0,hc,3.50,home,ft,2.107,6
84Sez3Br,Brooksby J.,Fritz T.,0,0,hc,3.50,away,ft,1.727,6
84Sez3Br,Brooksby J.,Fritz T.,0,0,hc,4.00,home,ft,1.927,4
84Sez3Br,Brooksby J.,Fritz T.,0,0,hc,4.00,away,ft,1.902,4
84Sez3Br,Brooksby J.,Fritz T.,0,0,hc,4.50,home,ft,1.708,5
84Sez3Br,Brooksby J.,Fritz T.,0,0,hc,4.50,away,ft,2.142,5
84Sez3Br,Brooksby J.,Fritz T.,0,0,hc,5.00,home,ft,1.478,4
84Sez3Br,Brooksby J.,Fritz T.,0,0,hc,5.00,away,ft,2.69,4
84Sez3Br,Brooksby J.,Fritz T.,0,0,hc,5.50,home,ft,1.387,6
84Sez3Br,Brooksby J.,Fritz T.,0,0,hc,5.50,away,ft,2.968,6
84Sez3Br,Brooksby J.,Fritz T.,0,0,hc,6.00,home,ft,1.205,2
84Sez3Br,Brooksby J.,Fritz T.,0,0,hc,6.00,away,ft,4.345,2
84Sez3Br,Brooksby J.,Fritz T.,0,0,hc,6.50,home,ft,1.165,2
84Sez3Br,Brooksby J.,Fritz T.,0,0,hc,6.50,away,ft,5.0,2
84Sez3Br,Brooksby J.,Fritz T.,0,0,hc,7.00,home,ft,1.07,2
84Sez3Br,Brooksby J.,Fritz T.,0,0,hc,7.00,away,ft,7.6,2
84Sez3Br,Brooksby J.,Fritz T.,0,0,hc,7.50,home,ft,1.06,2
84Sez3Br,Brooksby J.,Fritz T.,0,0,hc,7.50,away,ft,8.2,2
xxzCLait,Alcaraz C.,Nakashima B.,2,2,ou,2.50,over,ft,3.793,3
xxzCLait,Alcaraz C.,Nakashima B.,2,2,ou,2.50,under,ft,1.283,3
xxzCLait,Alcaraz C.,Nakashima B.,2,2,ou,16.50,over,ft,1.09,2
xxzCLait,Alcaraz C.,Nakashima B.,2,2,ou,16.50,under,ft,5.77,2
xxzCLait,Alcaraz C.,Nakashima B.,2,2,ou,17.00,over,ft,1.13,2
xxzCLait,Alcaraz C.,Nakashima B.,2,2,ou,17.00,under,ft,4.8,2
xxzCLait,Alcaraz C.,Nakashima B.,2,2,ou,17.50,over,ft,1.24,2
xxzCLait,Alcaraz C.,Nakashima B.,2,2,ou,17.50,under,ft,3.53,2
xxzCLait,Alcaraz C.,Nakashima B.,2,2,ou,18.00,over,ft,1.47,2
xxzCLait,Alcaraz C.,Nakashima B.,2,2,ou,18.00,under,ft,2.69,2
xxzCLait,Alcaraz C.,Nakashima B.,2,2,ou,18.50,over,ft,1.642,4
xxzCLait,Alcaraz C.,Nakashima B.,2,2,ou,18.50,under,ft,2.185,4
xxzCLait,Alcaraz C.,Nakashima B.,2,2,ou,19.00,over,ft,1.632,5
xxzCLait,Alcaraz C.,Nakashima B.,2,2,ou,19.00,under,ft,2.314,5
xxzCLait,Alcaraz C.,Nakashima B.,2,2,ou,19.50,over,ft,1.787,7
xxzCLait,Alcaraz C.,Nakashima B.,2,2,ou,19.50,under,ft,2.013,7
xxzCLait,Alcaraz C.,Nakashima B.,2,2,ou,20.00,over,ft,1.936,5
xxzCLait,Alcaraz C.,Nakashima B.,2,2,ou,20.00,under,ft,1.88,5
xxzCLait,Alcaraz C.,Nakashima B.,2,2,ou,20.50,over,ft,2.173,7
xxzCLait,Alcaraz C.,Nakashima B.,2,2,ou,20.50,under,ft,1.684,7
xxzCLait,Alcaraz C.,Nakashima B.,2,2,ou,21.00,over,ft,2.292,5
xxzCLait,Alcaraz C.,Nakashima B.,2,2,ou,21.00,under,ft,1.636,5
xxzCLait,Alcaraz C.,Nakashima B.,2,2,ou,21.50,over,ft,2.379,7
xxzCLait,Alcaraz C.,Nakashima B.,2,2,ou,21.50,under,ft,1.573,7
xxzCLait,Alcaraz C.,Nakashima B.,2,2,ou,22.00,over,ft,2.89,2
xxzCLait,Alcaraz C.,Nakashima B.,2,2,ou,22.00,under,ft,1.42,2
xxzCLait,Alcaraz C.,Nakashima B.,2,2,ou,22.50,over,ft,2.69,2
xxzCLait,Alcaraz C.,Nakashima B.,2,2,ou,22.50,under,ft,1.4,2
xxzCLait,Alcaraz C.,Nakashima B.,2,2,ou,23.00,over,ft,2.94,2
xxzCLait,Alcaraz C.,Nakashima B.,2,2,ou,23.00,under,ft,1.33,2
xxzCLait,Alcaraz C.,Nakashima B.,2,2,ou,23.50,over,ft,3.03,2
xxzCLait,Alcaraz C.,Nakashima B.,2,2,ou,23.50,under,ft,1.31,2
xxzCLait,Alcaraz C.,Nakashima B.,2,2,ou,24.50,over,ft,3.187,3
xxzCLait,Alcaraz C.,Nakashima B.,2,2,ou,24.50,under,ft,1.287,3
xxzCLait,Alcaraz C.,Nakashima B.,2,2,hc,1.50,home,ft,1.02,1
xxzCLait,Alcaraz C.,Nakashima B.,2,2,hc,1.50,away,ft,11.143,3
xxzCLait,Alcaraz C.,Nakashima B.,2,2,hc,-1.50,home,ft,1.358,6
xxzCLait,Alcaraz C.,Nakashima B.,2,2,hc,-1.50,away,ft,3.062,6
xxzCLait,Alcaraz C.,Nakashima B.,2,2,hc,-2.00,home,ft,1.1,2
xxzCLait,Alcaraz C.,Nakashima B.,2,2,hc,-2.00,away,ft,6.35,2
xxzCLait,Alcaraz C.,Nakashima B.,2,2,hc,-2.50,home,ft,1.15,2
xxzCLait,Alcaraz C.,Nakashima B.,2,2,hc,-2.50,away,ft,4.51,2
xxzCLait,Alcaraz C.,Nakashima B.,2,2,hc,-3.00,home,ft,1.13,2
xxzCLait,Alcaraz C.,Nakashima B.,2,2,hc,-3.00,away,ft,6.06,2
xxzCLait,Alcaraz C.,Nakashima B.,2,2,hc,-3.50,home,ft,1.253,3
xxzCLait,Alcaraz C.,Nakashima B.,2,2,hc,-3.50,away,ft,3.9,3
xxzCLait,Alcaraz C.,Nakashima B.,2,2,hc,-4.00,home,ft,1.36,4
xxzCLait,Alcaraz C.,Nakashima B.,2,2,hc,-4.00,away,ft,3.325,4
xxzCLait,Alcaraz C.,Nakashima B.,2,2,hc,-4.50,home,ft,1.59,6
xxzCLait,Alcaraz C.,Nakashima B.,2,2,hc,-4.50,away,ft,2.388,6
xxzCLait,Alcaraz C.,Nakashima B.,2,2,hc,-5.00,home,ft,1.745,4
xxzCLait,Alcaraz C.,Nakashima B.,2,2,hc,-5.00,away,ft,2.158,4
xxzCLait,Alcaraz C.,Nakashima B.,2,2,hc,-5.50,home,ft,1.972,5
xxzCLait,Alcaraz C.,Nakashima B.,2,2,hc,-5.50,away,ft,1.848,5
xxzCLait,Alcaraz C.,Nakashima B.,2,2,hc,-6.00,home,ft,2.555,4
xxzCLait,Alcaraz C.,Nakashima B.,2,2,hc,-6.00,away,ft,1.552,4
xxzCLait,Alcaraz C.,Nakashima B.,2,2,hc,-6.50,home,ft,2.772,4
xxzCLait,Alcaraz C.,Nakashima B.,2,2,hc,-6.50,away,ft,1.427,4
xxzCLait,Alcaraz C.,Nakashima B.,2,2,hc,-7.00,home,ft,3.97,2
xxzCLait,Alcaraz C.,Nakashima B.,2,2,hc,-7.00,away,ft,1.25,2
xxzCLait,Alcaraz C.,Nakashima B.,2,2,hc,-7.50,home,ft,4.76,2
xxzCLait,Alcaraz C.,Nakashima B.,2,2,hc,-7.50,away,ft,1.19,2
xxzCLait,Alcaraz C.,Nakashima B.,2,2,hc,-8.00,home,ft,9.04,2
xxzCLait,Alcaraz C.,Nakashima B.,2,2,hc,-8.00,away,ft,1.06,2
QigQxBZp,Ruud C.,Vukic A.,2,2,ou,2.50,over,ft,2.42,2
QigQxBZp,Ruud C.,Vukic A.,2,2,ou,2.50,under,ft,1.61,2
QigQxBZp,Ruud C.,Vukic A.,2,2,ou,18.50,over,ft,1.183,3
QigQxBZp,Ruud C.,Vukic A.,2,2,ou,18.50,under,ft,4.4,3
QigQxBZp,Ruud C.,Vukic A.,2,2,ou,19.50,over,ft,1.33,2
QigQxBZp,Ruud C.,Vukic A.,2,2,ou,19.50,under,ft,2.93,2
QigQxBZp,Ruud C.,Vukic A.,2,2,ou,20.00,over,ft,1.27,2
QigQxBZp,Ruud C.,Vukic A.,2,2,ou,20.00,under,ft,3.28,2
QigQxBZp,Ruud C.,Vukic A.,2,2,ou,20.50,over,ft,1.387,3
QigQxBZp,Ruud C.,Vukic A.,2,2,ou,20.50,under,ft,2.837,3
QigQxBZp,Ruud C.,Vukic A.,2,2,ou,21.00,over,ft,1.43,2
QigQxBZp,Ruud C.,Vukic A.,2,2,ou,21.00,under,ft,2.62,2
QigQxBZp,Ruud C.,Vukic A.,2,2,ou,21.50,over,ft,1.556,7
QigQxBZp,Ruud C.,Vukic A.,2,2,ou,21.50,under,ft,2.374,7
QigQxBZp,Ruud C.,Vukic A.,2,2,ou,22.00,over,ft,1.634,5
QigQxBZp,Ruud C.,Vukic A.,2,2,ou,22.00,under,ft,2.26,5
QigQxBZp,Ruud C.,Vukic A.,2,2,ou,22.50,over,ft,1.83,7
QigQxBZp,Ruud C.,Vukic A.,2,2,ou,22.50,under,ft,1.971,7
QigQxBZp,Ruud C.,Vukic A.,2,2,ou,23.00,over,ft,1.94,5
QigQxBZp,Ruud C.,Vukic A.,2,2,ou,23.00,under,ft,1.86,5
QigQxBZp,Ruud C.,Vukic A.,2,2,ou,23.50,over,ft,2.087,7
QigQxBZp,Ruud C.,Vukic A.,2,2,ou,23.50,under,ft,1.706,7
QigQxBZp,Ruud C.,Vukic A.,2,2,ou,24.00,over,ft,2.102,5
QigQxBZp,Ruud C.,Vukic A.,2,2,ou,24.00,under,ft,1.71,5
QigQxBZp,Ruud C.,Vukic A.,2,2,ou,24.50,over,ft,2.098,4
QigQxBZp,Ruud C.,Vukic A.,2,2,ou,24.50,under,ft,1.67,4
QigQxBZp,Ruud C.,Vukic A.,2,2,ou,25.00,over,ft,2.16,2
QigQxBZp,Ruud C.,Vukic A.,2,2,ou,25.00,under,ft,1.59,2
QigQxBZp,Ruud C.,Vukic A.,2,2,ou,25.50,over,ft,2.15,2
QigQxBZp,Ruud C.,Vukic A.,2,2,ou,25.50,under,ft,1.59,2
QigQxBZp,Ruud C.,Vukic A.,2,2,ou,26.50,over,ft,2.397,3
QigQxBZp,Ruud C.,Vukic A.,2,2,ou,26.50,under,ft,1.513,3
QigQxBZp,Ruud C.,Vukic A.,2,2,ou,27.50,over,ft,2.85,2
QigQxBZp,Ruud C.,Vukic A.,2,2,ou,27.50,under,ft,1.37,2
QigQxBZp,Ruud C.,Vukic A.,2,2,hc,1.50,home,ft,1.123,4
QigQxBZp,Ruud C.,Vukic A.,2,2,hc,1.50,away,ft,6.14,4
QigQxBZp,Ruud C.,Vukic A.,2,2,hc,-1.50,home,ft,1.955,6
QigQxBZp,Ruud C.,Vukic A.,2,2,hc,-1.50,away,ft,1.81,6
QigQxBZp,Ruud C.,Vukic A.,2,2,hc,0.50,home,ft,1.22,2
QigQxBZp,Ruud C.,Vukic A.,2,2,hc,0.50,away,ft,3.8,2
QigQxBZp,Ruud C.,Vukic A.,2,2,hc,-0.50,home,ft,1.27,2
QigQxBZp,Ruud C.,Vukic A.,2,2,hc,-0.50,away,ft,3.4,2
QigQxBZp,Ruud C.,Vukic A.,2,2,hc,-1.00,home,ft,1.37,2
QigQxBZp,Ruud C.,Vukic A.,2,2,hc,-1.00,away,ft,2.95,2
QigQxBZp,Ruud C.,Vukic A.,2,2,hc,1.50,home,ft,1.193,3
QigQxBZp,Ruud C.,Vukic A.,2,2,hc,1.50,away,ft,4.303,3
QigQxBZp,Ruud C.,Vukic A.,2,2,hc,-1.50,home,ft,1.43,3
QigQxBZp,Ruud C.,Vukic A.,2,2,hc,-1.50,away,ft,2.76,3
QigQxBZp,Ruud C.,Vukic A.,2,2,hc,-2.00,home,ft,1.49,2
QigQxBZp,Ruud C.,Vukic A.,2,2,hc,-2.00,away,ft,2.52,2
QigQxBZp,Ruud C.,Vukic A.,2,2,hc,-2.50,home,ft,1.592,6
QigQxBZp,Ruud C.,Vukic A.,2,2,hc,-2.50,away,ft,2.317,6
QigQxBZp,Ruud C.,Vukic A.,2,2,hc,-2.75,home,ft,1.52,2
QigQxBZp,Ruud C.,Vukic A.,2,2,hc,-2.75,away,ft,2.36,2
QigQxBZp,Ruud C.,Vukic A.,2,2,hc,-3.00,home,ft,1.785,4
QigQxBZp,Ruud C.,Vukic A.,2,2,hc,-3.00,away,ft,2.038,4
QigQxBZp,Ruud C.,Vukic A.,2,2,hc,-3.25,home,ft,1.72,2
QigQxBZp,Ruud C.,Vukic A.,2,2,hc,-3.25,away,ft,2.0,2
QigQxBZp,Ruud C.,Vukic A.,2,2,hc,-3.50,home,ft,2.028,5
QigQxBZp,Ruud C.,Vukic A.,2,2,hc,-3.50,away,ft,1.788,5
QigQxBZp,Ruud C.,Vukic A.,2,2,hc,-3.75,home,ft,1.99,2
QigQxBZp,Ruud C.,Vukic A.,2,2,hc,-3.75,away,ft,1.82,2
QigQxBZp,Ruud C.,Vukic A.,2,2,hc,-4.00,home,ft,2.438,4
QigQxBZp,Ruud C.,Vukic A.,2,2,hc,-4.00,away,ft,1.555,4
QigQxBZp,Ruud C.,Vukic A.,2,2,hc,-4.25,home,ft,2.2,2
QigQxBZp,Ruud C.,Vukic A.,2,2,hc,-4.25,away,ft,1.6,2
QigQxBZp,Ruud C.,Vukic A.,2,2,hc,-4.50,home,ft,2.678,6
QigQxBZp,Ruud C.,Vukic A.,2,2,hc,-4.50,away,ft,1.462,6
QigQxBZp,Ruud C.,Vukic A.,2,2,hc,-5.00,home,ft,3.9,2
QigQxBZp,Ruud C.,Vukic A.,2,2,hc,-5.00,away,ft,1.23,2
QigQxBZp,Ruud C.,Vukic A.,2,2,hc,-5.50,home,ft,4.497,3
QigQxBZp,Ruud C.,Vukic A.,2,2,hc,-5.50,away,ft,1.193,3
QigQxBZp,Ruud C.,Vukic A.,2,2,hc,-6.00,home,ft,7.1,2
QigQxBZp,Ruud C.,Vukic A.,2,2,hc,-6.00,away,ft,1.08,2
fLdN7IA7,Brooksby J.,Rune H.,2,2,ou,2.50,over,ft,2.467,3
fLdN7IA7,Brooksby J.,Rune H.,2,2,ou,2.50,under,ft,1.57,3
fLdN7IA7,Brooksby J.,Rune H.,2,2,ou,18.50,over,ft,1.19,2
fLdN7IA7,Brooksby J.,Rune H.,2,2,ou,18.50,under,ft,3.92,2
fLdN7IA7,Brooksby J.,Rune H.,2,2,ou,19.50,over,ft,1.35,2
fLdN7IA7,Brooksby J.,Rune H.,2,2,ou,19.50,under,ft,2.84,2
fLdN7IA7,Brooksby J.,Rune H.,2,2,ou,20.00,over,ft,1.49,2
fLdN7IA7,Brooksby J.,Rune H.,2,2,ou,20.00,under,ft,2.64,2
fLdN7IA7,Brooksby J.,Rune H.,2,2,ou,20.50,over,ft,1.56,3
fLdN7IA7,Brooksby J.,Rune H.,2,2,ou,20.50,under,ft,2.373,3
fLdN7IA7,Brooksby J.,Rune H.,2,2,ou,21.00,over,ft,1.65,5
fLdN7IA7,Brooksby J.,Rune H.,2,2,ou,21.00,under,ft,2.248,5
fLdN7IA7,Brooksby J.,Rune H.,2,2,ou,21.50,over,ft,1.726,7
fLdN7IA7,Brooksby J.,Rune H.,2,2,ou,21.50,under,ft,2.097,7
fLdN7IA7,Brooksby J.,Rune H.,2,2,ou,22.00,over,ft,1.866,5
fLdN7IA7,Brooksby J.,Rune H.,2,2,ou,22.00,under,ft,1.934,5
fLdN7IA7,Brooksby J.,Rune H.,2,2,ou,22.50,over,ft,1.96,7
fLdN7IA7,Brooksby J.,Rune H.,2,2,ou,22.50,under,ft,1.83,7
fLdN7IA7,Brooksby J.,Rune H.,2,2,ou,23.00,over,ft,2.168,5
fLdN7IA7,Brooksby J.,Rune H.,2,2,ou,23.00,under,ft,1.71,5
fLdN7IA7,Brooksby J.,Rune H.,2,2,ou,23.50,over,ft,2.221,7
fLdN7IA7,Brooksby J.,Rune H.,2,2,ou,23.50,under,ft,1.647,7
fLdN7IA7,Brooksby J.,Rune H.,2,2,ou,24.00,over,ft,2.34,2
fLdN7IA7,Brooksby J.,Rune H.,2,2,ou,24.00,under,ft,1.6,2
fLdN7IA7,Brooksby J.,Rune H.,2,2,ou,24.50,over,ft,2.268,4
fLdN7IA7,Brooksby J.,Rune H.,2,2,ou,24.50,under,ft,1.595,4
fLdN7IA7,Brooksby J.,Rune H.,2,2,ou,25.00,over,ft,2.49,2
fLdN7IA7,Brooksby J.,Rune H.,2,2,ou,25.00,under,ft,1.54,2
fLdN7IA7,Brooksby J.,Rune H.,2,2,ou,25.50,over,ft,2.54,2
fLdN7IA7,Brooksby J.,Rune H.,2,2,ou,25.50,under,ft,1.43,2
fLdN7IA7,Brooksby J.,Rune H.,2,2,ou,26.50,over,ft,2.83,3
fLdN7IA7,Brooksby J.,Rune H.,2,2,ou,26.50,under,ft,1.36,3
fLdN7IA7,Brooksby J.,Rune H.,2,2,ou,27.50,over,ft,3.05,2
fLdN7IA7,Brooksby J.,Rune H.,2,2,ou,27.50,under,ft,1.31,2
fLdN7IA7,Brooksby J.,Rune H.,2,2,hc,1.50,home,ft,1.683,6
fLdN7IA7,Brooksby J.,Rune H.,2,2,hc,1.50,away,ft,2.127,6
fLdN7IA7,Brooksby J.,Rune H.,2,2,hc,-1.50,home,ft,4.973,4
fLdN7IA7,Brooksby J.,Rune H.,2,2,hc,-1.50,away,ft,1.17,4
fLdN7IA7,Brooksby J.,Rune H.,2,2,hc,1.00,home,ft,2.855,2
fLdN7IA7,Brooksby J.,Rune H.,2,2,hc,1.00,away,ft,1.43,2
fLdN7IA7,Brooksby J.,Rune H.,2,2,hc,1.50,home,ft,2.68,2
fLdN7IA7,Brooksby J.,Rune H.,2,2,hc,1.50,away,ft,1.48,2
fLdN7IA7,Brooksby J.,Rune H.,2,2,hc,2.00,home,ft,2.405,4
fLdN7IA7,Brooksby J.,Rune H.,2,2,hc,2.00,away,ft,1.59,4
fLdN7IA7,Brooksby J.,Rune H.,2,2,hc,2.50,home,ft,2.225,6
fLdN7IA7,Brooksby J.,Rune H.,2,2,hc,2.50,away,ft,1.662,6
fLdN7IA7,Brooksby J.,Rune H.,2,2,hc,3.00,home,ft,2.098,4
fLdN7IA7,Brooksby J.,Rune H.,2,2,hc,3.00,away,ft,1.77,4
fLdN7IA7,Brooksby J.,Rune H.,2,2,hc,3.50,home,ft,1.858,5
fLdN7IA7,Brooksby J.,Rune H.,2,2,hc,3.50,away,ft,1.958,5
fLdN7IA7,Brooksby J.,Rune H.,2,2,hc,4.00,home,ft,1.695,4
fLdN7IA7,Brooksby J.,Rune H.,2,2,hc,4.00,away,ft,2.203,4
fLdN7IA7,Brooksby J.,Rune H.,2,2,hc,4.50,home,ft,1.538,6
fLdN7IA7,Brooksby J.,Rune H.,2,2,hc,4.50,away,ft,2.485,6
fLdN7IA7,Brooksby J.,Rune H.,2,2,hc,5.00,home,ft,1.38,2
fLdN7IA7,Brooksby J.,Rune H.,2,2,hc,5.00,away,ft,3.05,2
fLdN7IA7,Brooksby J.,Rune H.,2,2,hc,5.50,home,ft,1.32,2
fLdN7IA7,Brooksby J.,Rune H.,2,2,hc,5.50,away,ft,3.39,2
fLdN7IA7,Brooksby J.,Rune H.,2,2,hc,6.00,home,ft,1.16,2
fLdN7IA7,Brooksby J.,Rune H.,2,2,hc,6.00,away,ft,5.265,2
CKk2iCwH,Korda S.,Fritz T.,1,1,ou,2.50,over,ft,2.65,2
CKk2iCwH,Korda S.,Fritz T.,1,1,ou,2.50,under,ft,1.525,2
CKk2iCwH,Korda S.,Fritz T.,1,1,ou,19.50,over,ft,1.2,2
CKk2iCwH,Korda S.,Fritz T.,1,1,ou,19.50,under,ft,3.89,2
CKk2iCwH,Korda S.,Fritz T.,1,1,ou,20.00,over,ft,1.26,2
CKk2iCwH,Korda S.,Fritz T.,1,1,ou,20.00,under,ft,3.35,2
CKk2iCwH,Korda S.,Fritz T.,1,1,ou,20.50,over,ft,1.363,3
CKk2iCwH,Korda S.,Fritz T.,1,1,ou,20.50,under,ft,2.933,3
CKk2iCwH,Korda S.,Fritz T.,1,1,ou,21.00,over,ft,1.41,2
CKk2iCwH,Korda S.,Fritz T.,1,1,ou,21.00,under,ft,2.69,2
CKk2iCwH,Korda S.,Fritz T.,1,1,ou,21.50,over,ft,1.52,7
CKk2iCwH,Korda S.,Fritz T.,1,1,ou,21.50,under,ft,2.473,7
CKk2iCwH,Korda S.,Fritz T.,1,1,ou,22.00,over,ft,1.632,5
CKk2iCwH,Korda S.,Fritz T.,1,1,ou,22.00,under,ft,2.264,5
CKk2iCwH,Korda S.,Fritz T.,1,1,ou,22.50,over,ft,1.813,7
CKk2iCwH,Korda S.,Fritz T.,1,1,ou,22.50,under,ft,1.984,7
CKk2iCwH,Korda S.,Fritz T.,1,1,ou,23.00,over,ft,1.97,5
CKk2iCwH,Korda S.,Fritz T.,1,1,ou,23.00,under,ft,1.83,5
CKk2iCwH,Korda S.,Fritz T.,1,1,ou,23.50,over,ft,2.113,7
CKk2iCwH,Korda S.,Fritz T.,1,1,ou,23.50,under,ft,1.696,7
CKk2iCwH,Korda S.,Fritz T.,1,1,ou,24.00,over,ft,2.132,5
CKk2iCwH,Korda S.,Fritz T.,1,1,ou,24.00,under,ft,1.692,5
CKk2iCwH,Korda S.,Fritz T.,1,1,ou,24.50,over,ft,2.095,4
CKk2iCwH,Korda S.,Fritz T.,1,1,ou,24.50,under,ft,1.665,4
CKk2iCwH,Korda S.,Fritz T.,1,1,ou,25.00,over,ft,2.12,2
CKk2iCwH,Korda S.,Fritz T.,1,1,ou,25.00,under,ft,1.61,2
CKk2iCwH,Korda S.,Fritz T.,1,1,ou,25.50,over,ft,2.17,2
CKk2iCwH,Korda S.,Fritz T.,1,1,ou,25.50,under,ft,1.6,2
CKk2iCwH,Korda S.,Fritz T.,1,1,ou,26.00,over,ft,2.35,2
CKk2iCwH,Korda S.,Fritz T.,1,1,ou,26.00,under,ft,1.5,2
CKk2iCwH,Korda S.,Fritz T.,1,1,ou,26.50,over,ft,2.587,3
CKk2iCwH,Korda S.,Fritz T.,1,1,ou,26.50,under,ft,1.443,3
CKk2iCwH,Korda S.,Fritz T.,1,1,ou,27.50,over,ft,2.69,2
CKk2iCwH,Korda S.,Fritz T.,1,1,ou,27.50,under,ft,1.39,2
CKk2iCwH,Korda S.,Fritz T.,1,1,hc,1.50,home,ft,1.778,6
CKk2iCwH,Korda S.,Fritz T.,1,1,hc,1.50,away,ft,2.0,6
CKk2iCwH,Korda S.,Fritz T.,1,1,hc,-1.50,home,ft,5.688,4
CKk2iCwH,Korda S.,Fritz T.,1,1,hc,-1.50,away,ft,1.137,4
CKk2iCwH,Korda S.,Fritz T.,1,1,hc,0,home,ft,3.08,2
CKk2iCwH,Korda S.,Fritz T.,1,1,hc,0,away,ft,1.3,2
CKk2iCwH,Korda S.,Fritz T.,1,1,hc,0.50,home,ft,2.84,2
CKk2iCwH,Korda S.,Fritz T.,1,1,hc,0.50,away,ft,1.35,2
CKk2iCwH,Korda S.,Fritz T.,1,1,hc,1.00,home,ft,2.86,2
CKk2iCwH,Korda S.,Fritz T.,1,1,hc,1.00,away,ft,1.39,2
CKk2iCwH,Korda S.,Fritz T.,1,1,hc,1.50,home,ft,2.568,5
CKk2iCwH,Korda S.,Fritz T.,1,1,hc,1.50,away,ft,1.48,5
CKk2iCwH,Korda S.,Fritz T.,1,1,hc,-1.50,home,ft,4.13,1
CKk2iCwH,Korda S.,Fritz T.,1,1,hc,-1.50,away,ft,1.24,1
CKk2iCwH,Korda S.,Fritz T.,1,1,hc,2.00,home,ft,2.515,4
CKk2iCwH,Korda S.,Fritz T.,1,1,hc,2.00,away,ft,1.528,4
CKk2iCwH,Korda S.,Fritz T.,1,1,hc,2.50,home,ft,2.242,5
CKk2iCwH,Korda S.,Fritz T.,1,1,hc,2.50,away,ft,1.642,5
CKk2iCwH,Korda S.,Fritz T.,1,1,hc,3.00,home,ft,1.985,4
CKk2iCwH,Korda S.,Fritz T.,1,1,hc,3.00,away,ft,1.835,4
CKk2iCwH,Korda S.,Fritz T.,1,1,hc,-3.00,home,ft,1.82,1
CKk2iCwH,Korda S.,Fritz T.,1,1,hc,-3.00,away,ft,1.96,1
CKk2iCwH,Korda S.,Fritz T.,1,1,hc,3.50,home,ft,1.732,6
CKk2iCwH,Korda S.,Fritz T.,1,1,hc,3.50,away,ft,2.092,6
CKk2iCwH,Korda S.,Fritz T.,1,1,hc,4.00,home,ft,1.502,4
CKk2iCwH,Korda S.,Fritz T.,1,1,hc,4.00,away,ft,2.585,4
CKk2iCwH,Korda S.,Fritz T.,1,1,hc,4.50,home,ft,1.408,5
CKk2iCwH,Korda S.,Fritz T.,1,1,hc,4.50,away,ft,2.878,5
CKk2iCwH,Korda S.,Fritz T.,1,1,hc,5.00,home,ft,1.21,2
CKk2iCwH,Korda S.,Fritz T.,1,1,hc,5.00,away,ft,4.15,2
CKk2iCwH,Korda S.,Fritz T.,1,1,hc,5.50,home,ft,1.167,3
CKk2iCwH,Korda S.,Fritz T.,1,1,hc,5.50,away,ft,4.917,3
CKk2iCwH,Korda S.,Fritz T.,1,1,hc,6.00,home,ft,1.07,2
CKk2iCwH,Korda S.,Fritz T.,1,1,hc,6.00,away,ft,7.5,2
WjiwojH6,Alcaraz C.,Bergs Z.,2,2,ou,2.50,over,ft,4.917,3
WjiwojH6,Alcaraz C.,Bergs Z.,2,2,ou,2.50,under,ft,1.197,3
WjiwojH6,Alcaraz C.,Bergs Z.,2,2,ou,15.00,over,ft,1.05,2
WjiwojH6,Alcaraz C.,Bergs Z.,2,2,ou,15.00,under,ft,7.2,2
WjiwojH6,Alcaraz C.,Bergs Z.,2,2,ou,15.50,over,ft,1.08,2
WjiwojH6,Alcaraz C.,Bergs Z.,2,2,ou,15.50,under,ft,5.86,2
WjiwojH6,Alcaraz C.,Bergs Z.,2,2,ou,16.00,over,ft,1.1,2
WjiwojH6,Alcaraz C.,Bergs Z.,2,2,ou,16.00,under,ft,5.45,2
WjiwojH6,Alcaraz C.,Bergs Z.,2,2,ou,16.50,over,ft,1.318,5
WjiwojH6,Alcaraz C.,Bergs Z.,2,2,ou,16.50,under,ft,3.222,5
WjiwojH6,Alcaraz C.,Bergs Z.,2,2,ou,17.00,over,ft,1.34,3
WjiwojH6,Alcaraz C.,Bergs Z.,2,2,ou,17.00,under,ft,3.183,3
WjiwojH6,Alcaraz C.,Bergs Z.,2,2,ou,17.50,over,ft,1.484,7
WjiwojH6,Alcaraz C.,Bergs Z.,2,2,ou,17.50,under,ft,2.583,7
WjiwojH6,Alcaraz C.,Bergs Z.,2,2,ou,18.00,over,ft,1.584,5
WjiwojH6,Alcaraz C.,Bergs Z.,2,2,ou,18.00,under,ft,2.36,5
WjiwojH6,Alcaraz C.,Bergs Z.,2,2,ou,18.50,over,ft,1.783,7
WjiwojH6,Alcaraz C.,Bergs Z.,2,2,ou,18.50,under,ft,2.007,7
WjiwojH6,Alcaraz C.,Bergs Z.,2,2,ou,19.00,over,ft,1.966,5
WjiwojH6,Alcaraz C.,Bergs Z.,2,2,ou,19.00,under,ft,1.85,5
WjiwojH6,Alcaraz C.,Bergs Z.,2,2,ou,19.50,over,ft,2.141,7
WjiwojH6,Alcaraz C.,Bergs Z.,2,2,ou,19.50,under,ft,1.696,7
WjiwojH6,Alcaraz C.,Bergs Z.,2,2,ou,20.00,over,ft,2.406,5
WjiwojH6,Alcaraz C.,Bergs Z.,2,2,ou,20.00,under,ft,1.57,5
WjiwojH6,Alcaraz C.,Bergs Z.,2,2,ou,20.50,over,ft,2.482,4
WjiwojH6,Alcaraz C.,Bergs Z.,2,2,ou,20.50,under,ft,1.488,4
WjiwojH6,Alcaraz C.,Bergs Z.,2,2,ou,21.00,over,ft,2.73,2
WjiwojH6,Alcaraz C.,Bergs Z.,2,2,ou,21.00,under,ft,1.435,2
WjiwojH6,Alcaraz C.,Bergs Z.,2,2,ou,21.50,over,ft,2.65,2
WjiwojH6,Alcaraz C.,Bergs Z.,2,2,ou,21.50,under,ft,1.41,2
WjiwojH6,Alcaraz C.,Bergs Z.,2,2,ou,22.00,over,ft,2.94,2
WjiwojH6,Alcaraz C.,Bergs Z.,2,2,ou,22.00,under,ft,1.33,2
WjiwojH6,Alcaraz C.,Bergs Z.,2,2,ou,22.50,over,ft,3.37,3
WjiwojH6,Alcaraz C.,Bergs Z.,2,2,ou,22.50,under,ft,1.263,3
WjiwojH6,Alcaraz C.,Bergs Z.,2,2,ou,23.50,over,ft,3.7,2
WjiwojH6,Alcaraz C.,Bergs Z.,2,2,ou,23.50,under,ft,1.22,2
WjiwojH6,Alcaraz C.,Bergs Z.,2,2,hc,1.50,away,ft,11.49,1
WjiwojH6,Alcaraz C.,Bergs Z.,2,2,hc,-1.50,home,ft,1.245,6
WjiwojH6,Alcaraz C.,Bergs Z.,2,2,hc,-1.50,away,ft,3.975,6
WjiwojH6,Alcaraz C.,Bergs Z.,2,2,hc,-3.00,home,ft,1.13,2
WjiwojH6,Alcaraz C.,Bergs Z.,2,2,hc,-3.00,away,ft,5.45,2
WjiwojH6,Alcaraz C.,Bergs Z.,2,2,hc,-3.50,home,ft,1.2,2
WjiwojH6,Alcaraz C.,Bergs Z.,2,2,hc,-3.50,away,ft,4.25,2
WjiwojH6,Alcaraz C.,Bergs Z.,2,2,hc,-4.00,home,ft,1.21,2
WjiwojH6,Alcaraz C.,Bergs Z.,2,2,hc,-4.00,away,ft,4.41,2
WjiwojH6,Alcaraz C.,Bergs Z.,2,2,hc,-4.50,home,ft,1.345,4
WjiwojH6,Alcaraz C.,Bergs Z.,2,2,hc,-4.50,away,ft,3.083,4
WjiwojH6,Alcaraz C.,Bergs Z.,2,2,hc,-5.00,home,ft,1.438,4
WjiwojH6,Alcaraz C.,Bergs Z.,2,2,hc,-5.00,away,ft,2.848,4
WjiwojH6,Alcaraz C.,Bergs Z.,2,2,hc,-5.50,home,ft,1.653,6
WjiwojH6,Alcaraz C.,Bergs Z.,2,2,hc,-5.50,away,ft,2.205,6
WjiwojH6,Alcaraz C.,Bergs Z.,2,2,hc,-6.00,home,ft,1.97,4
WjiwojH6,Alcaraz C.,Bergs Z.,2,2,hc,-6.00,away,ft,1.857,4
WjiwojH6,Alcaraz C.,Bergs Z.,2,2,hc,-6.50,home,ft,2.295,6
WjiwojH6,Alcaraz C.,Bergs Z.,2,2,hc,-6.50,away,ft,1.612,6
WjiwojH6,Alcaraz C.,Bergs Z.,2,2,hc,-7.00,home,ft,3.17,4
WjiwojH6,Alcaraz C.,Bergs Z.,2,2,hc,-7.00,away,ft,1.363,4
WjiwojH6,Alcaraz C.,Bergs Z.,2,2,hc,-7.50,home,ft,3.31,5
WjiwojH6,Alcaraz C.,Bergs Z.,2,2,hc,-7.50,away,ft,1.316,5
WjiwojH6,Alcaraz C.,Bergs Z.,2,2,hc,-8.00,home,ft,5.745,2
WjiwojH6,Alcaraz C.,Bergs Z.,2,2,hc,-8.00,away,ft,1.13,2
WjiwojH6,Alcaraz C.,Bergs Z.,2,2,hc,-8.50,home,ft,5.62,2
WjiwojH6,Alcaraz C.,Bergs Z.,2,2,hc,-8.50,away,ft,1.09,2
WjiwojH6,Alcaraz C.,Bergs Z.,2,2,hc,-9.00,home,ft,9.0,2
WjiwojH6,Alcaraz C.,Bergs Z.,2,2,hc,-9.00,away,ft,1.02,2
UPsOERzB,Quinn E.,Rune H.,0,0,ou,2.50,over,ft,2.515,2
UPsOERzB,Quinn E.,Rune H.,0,0,ou,2.50,under,ft,1.58,2
UPsOERzB,Quinn E.,Rune H.,0,0,ou,18.50,over,ft,1.16,1
UPsOERzB,Quinn E.,Rune H.,0,0,ou,18.50,under,ft,4.73,1
UPsOERzB,Quinn E.,Rune H.,0,0,ou,19.00,over,ft,1.18,1
UPsOERzB,Quinn E.,Rune H.,0,0,ou,19.00,under,ft,4.43,1
UPsOERzB,Quinn E.,Rune H.,0,0,ou,19.50,over,ft,1.267,3
UPsOERzB,Quinn E.,Rune H.,0,0,ou,19.50,under,ft,3.38,3
UPsOERzB,Quinn E.,Rune H.,0,0,ou,20.00,over,ft,1.313,3
UPsOERzB,Quinn E.,Rune H.,0,0,ou,20.00,under,ft,3.093,3
UPsOERzB,Quinn E.,Rune H.,0,0,ou,20.50,over,ft,1.427,3
UPsOERzB,Quinn E.,Rune H.,0,0,ou,20.50,under,ft,2.63,3
UPsOERzB,Quinn E.,Rune H.,0,0,ou,21.00,over,ft,1.473,3
UPsOERzB,Quinn E.,Rune H.,0,0,ou,21.00,under,ft,2.507,3
UPsOERzB,Quinn E.,Rune H.,0,0,ou,21.50,over,ft,1.583,7
UPsOERzB,Quinn E.,Rune H.,0,0,ou,21.50,under,ft,2.32,7
UPsOERzB,Quinn E.,Rune H.,0,0,ou,22.00,over,ft,1.688,5
UPsOERzB,Quinn E.,Rune H.,0,0,ou,22.00,under,ft,2.158,5
UPsOERzB,Quinn E.,Rune H.,0,0,ou,22.50,over,ft,1.849,7
UPsOERzB,Quinn E.,Rune H.,0,0,ou,22.50,under,ft,1.949,7
UPsOERzB,Quinn E.,Rune H.,0,0,ou,23.00,over,ft,1.992,5
UPsOERzB,Quinn E.,Rune H.,0,0,ou,23.00,under,ft,1.812,5
UPsOERzB,Quinn E.,Rune H.,0,0,ou,23.50,over,ft,2.13,7
UPsOERzB,Quinn E.,Rune H.,0,0,ou,23.50,under,ft,1.687,7
UPsOERzB,Quinn E.,Rune H.,0,0,ou,24.00,over,ft,2.167,4
UPsOERzB,Quinn E.,Rune H.,0,0,ou,24.00,under,ft,1.675,4
UPsOERzB,Quinn E.,Rune H.,0,0,ou,24.50,over,ft,2.127,3
UPsOERzB,Quinn E.,Rune H.,0,0,ou,24.50,under,ft,1.64,3
UPsOERzB,Quinn E.,Rune H.,0,0,ou,25.00,over,ft,2.21,3
UPsOERzB,Quinn E.,Rune H.,0,0,ou,25.00,under,ft,1.583,3
UPsOERzB,Quinn E.,Rune H.,0,0,ou,25.50,over,ft,2.177,3
UPsOERzB,Quinn E.,Rune H.,0,0,ou,25.50,under,ft,1.603,3
UPsOERzB,Quinn E.,Rune H.,0,0,ou,26.00,over,ft,2.49,1
UPsOERzB,Quinn E.,Rune H.,0,0,ou,26.00,under,ft,1.5,1
UPsOERzB,Quinn E.,Rune H.,0,0,ou,26.50,over,ft,2.423,3
UPsOERzB,Quinn E.,Rune H.,0,0,ou,26.50,under,ft,1.493,3
UPsOERzB,Quinn E.,Rune H.,0,0,ou,27.50,over,ft,2.5,2
UPsOERzB,Quinn E.,Rune H.,0,0,ou,27.50,under,ft,1.44,2
UPsOERzB,Quinn E.,Rune H.,0,0,hc,1.50,home,ft,1.743,6
UPsOERzB,Quinn E.,Rune H.,0,0,hc,1.50,away,ft,2.047,6
UPsOERzB,Quinn E.,Rune H.,0,0,hc,-1.50,home,ft,5.547,4
UPsOERzB,Quinn E.,Rune H.,0,0,hc,-1.50,away,ft,1.142,4
UPsOERzB,Quinn E.,Rune H.,0,0,hc,0,home,ft,2.91,2
UPsOERzB,Quinn E.,Rune H.,0,0,hc,0,away,ft,1.38,2
UPsOERzB,Quinn E.,Rune H.,0,0,hc,0.50,home,ft,2.71,2
UPsOERzB,Quinn E.,Rune H.,0,0,hc,0.50,away,ft,1.43,2
UPsOERzB,Quinn E.,Rune H.,0,0,hc,1.00,home,ft,2.71,2
UPsOERzB,Quinn E.,Rune H.,0,0,hc,1.00,away,ft,1.43,2
UPsOERzB,Quinn E.,Rune H.,0,0,hc,1.50,home,ft,2.52,2
UPsOERzB,Quinn E.,Rune H.,0,0,hc,1.50,away,ft,1.49,2
UPsOERzB,Quinn E.,Rune H.,0,0,hc,2.00,home,ft,2.428,4
UPsOERzB,Quinn E.,Rune H.,0,0,hc,2.00,away,ft,1.56,4
UPsOERzB,Quinn E.,Rune H.,0,0,hc,2.50,home,ft,2.177,6
UPsOERzB,Quinn E.,Rune H.,0,0,hc,2.50,away,ft,1.663,6
UPsOERzB,Quinn E.,Rune H.,0,0,hc,3.00,home,ft,1.965,4
UPsOERzB,Quinn E.,Rune H.,0,0,hc,3.00,away,ft,1.855,4
UPsOERzB,Quinn E.,Rune H.,0,0,hc,3.50,home,ft,1.766,5
UPsOERzB,Quinn E.,Rune H.,0,0,hc,3.50,away,ft,2.052,5
UPsOERzB,Quinn E.,Rune H.,0,0,hc,4.00,home,ft,1.52,4
UPsOERzB,Quinn E.,Rune H.,0,0,hc,4.00,away,ft,2.548,4
UPsOERzB,Quinn E.,Rune H.,0,0,hc,4.50,home,ft,1.42,5
UPsOERzB,Quinn E.,Rune H.,0,0,hc,4.50,away,ft,2.776,5
UPsOERzB,Quinn E.,Rune H.,0,0,hc,5.00,home,ft,1.25,2
UPsOERzB,Quinn E.,Rune H.,0,0,hc,5.00,away,ft,3.72,2
UPsOERzB,Quinn E.,Rune H.,0,0,hc,5.50,home,ft,1.21,2
UPsOERzB,Quinn E.,Rune H.,0,0,hc,5.50,away,ft,4.15,2
UPsOERzB,Quinn E.,Rune H.,0,0,hc,6.00,home,ft,1.09,2
UPsOERzB,Quinn E.,Rune H.,0,0,hc,6.00,away,ft,6.55,2
bNAl6yxe,Nakashima B.,Fucsovics M.,2,2,ou,2.50,over,ft,2.147,3
bNAl6yxe,Nakashima B.,Fucsovics M.,2,2,ou,2.50,under,ft,1.75,3
bNAl6yxe,Nakashima B.,Fucsovics M.,2,2,ou,21.00,over,ft,1.32,2
bNAl6yxe,Nakashima B.,Fucsovics M.,2,2,ou,21.00,under,ft,2.995,2
bNAl6yxe,Nakashima B.,Fucsovics M.,2,2,ou,21.50,over,ft,1.405,2
bNAl6yxe,Nakashima B.,Fucsovics M.,2,2,ou,21.50,under,ft,2.68,2
bNAl6yxe,Nakashima B.,Fucsovics M.,2,2,ou,22.00,over,ft,1.542,5
bNAl6yxe,Nakashima B.,Fucsovics M.,2,2,ou,22.00,under,ft,2.422,5
bNAl6yxe,Nakashima B.,Fucsovics M.,2,2,ou,22.50,over,ft,1.634,7
bNAl6yxe,Nakashima B.,Fucsovics M.,2,2,ou,22.50,under,ft,2.207,7
bNAl6yxe,Nakashima B.,Fucsovics M.,2,2,ou,23.00,over,ft,1.77,5
bNAl6yxe,Nakashima B.,Fucsovics M.,2,2,ou,23.00,under,ft,2.022,5
bNAl6yxe,Nakashima B.,Fucsovics M.,2,2,ou,23.50,over,ft,1.901,7
bNAl6yxe,Nakashima B.,Fucsovics M.,2,2,ou,23.50,under,ft,1.883,7
bNAl6yxe,Nakashima B.,Fucsovics M.,2,2,ou,24.00,over,ft,1.898,5
bNAl6yxe,Nakashima B.,Fucsovics M.,2,2,ou,24.00,under,ft,1.894,5
bNAl6yxe,Nakashima B.,Fucsovics M.,2,2,ou,24.50,over,ft,1.919,7
bNAl6yxe,Nakashima B.,Fucsovics M.,2,2,ou,24.50,under,ft,1.841,7
bNAl6yxe,Nakashima B.,Fucsovics M.,2,2,ou,25.00,over,ft,1.978,4
bNAl6yxe,Nakashima B.,Fucsovics M.,2,2,ou,25.00,under,ft,1.812,4
bNAl6yxe,Nakashima B.,Fucsovics M.,2,2,ou,25.50,over,ft,2.042,4
bNAl6yxe,Nakashima B.,Fucsovics M.,2,2,ou,25.50,under,ft,1.752,4
bNAl6yxe,Nakashima B.,Fucsovics M.,2,2,ou,26.00,over,ft,2.183,4
bNAl6yxe,Nakashima B.,Fucsovics M.,2,2,ou,26.00,under,ft,1.655,4
bNAl6yxe,Nakashima B.,Fucsovics M.,2,2,ou,26.50,over,ft,2.3,1
bNAl6yxe,Nakashima B.,Fucsovics M.,2,2,ou,26.50,under,ft,1.55,1
bNAl6yxe,Nakashima B.,Fucsovics M.,2,2,ou,28.50,over,ft,2.6,1
bNAl6yxe,Nakashima B.,Fucsovics M.,2,2,ou,28.50,under,ft,1.45,1
bNAl6yxe,Nakashima B.,Fucsovics M.,2,2,hc,1.50,home,ft,1.286,5
bNAl6yxe,Nakashima B.,Fucsovics M.,2,2,hc,1.50,away,ft,3.57,5
bNAl6yxe,Nakashima B.,Fucsovics M.,2,2,hc,-1.50,home,ft,2.85,6
bNAl6yxe,Nakashima B.,Fucsovics M.,2,2,hc,-1.50,away,ft,1.41,6
bNAl6yxe,Nakashima B.,Fucsovics M.,2,2,hc,0,home,ft,1.705,4
bNAl6yxe,Nakashima B.,Fucsovics M.,2,2,hc,0,away,ft,2.123,4
bNAl6yxe,Nakashima B.,Fucsovics M.,2,2,hc,12.50,home,ft,1.76,1
bNAl6yxe,Nakashima B.,Fucsovics M.,2,2,hc,12.50,away,ft,1.81,1
bNAl6yxe,Nakashima B.,Fucsovics M.,2,2,hc,13.00,home,ft,1.92,1
bNAl6yxe,Nakashima B.,Fucsovics M.,2,2,hc,13.00,away,ft,1.79,1
bNAl6yxe,Nakashima B.,Fucsovics M.,2,2,hc,0.50,home,ft,1.68,5
bNAl6yxe,Nakashima B.,Fucsovics M.,2,2,hc,0.50,away,ft,2.156,5
bNAl6yxe,Nakashima B.,Fucsovics M.,2,2,hc,-0.50,home,ft,1.787,6
bNAl6yxe,Nakashima B.,Fucsovics M.,2,2,hc,-0.50,away,ft,1.988,6
bNAl6yxe,Nakashima B.,Fucsovics M.,2,2,hc,1.00,home,ft,1.64,4
bNAl6yxe,Nakashima B.,Fucsovics M.,2,2,hc,1.00,away,ft,2.248,4
bNAl6yxe,Nakashima B.,Fucsovics M.,2,2,hc,-1.00,home,ft,1.862,4
bNAl6yxe,Nakashima B.,Fucsovics M.,2,2,hc,-1.00,away,ft,1.933,4
bNAl6yxe,Nakashima B.,Fucsovics M.,2,2,hc,1.50,home,ft,1.54,2
bNAl6yxe,Nakashima B.,Fucsovics M.,2,2,hc,1.50,away,ft,2.32,2
bNAl6yxe,Nakashima B.,Fucsovics M.,2,2,hc,-1.50,home,ft,1.936,5
bNAl6yxe,Nakashima B.,Fucsovics M.,2,2,hc,-1.50,away,ft,1.832,5
bNAl6yxe,Nakashima B.,Fucsovics M.,2,2,hc,2.00,home,ft,1.45,2
bNAl6yxe,Nakashima B.,Fucsovics M.,2,2,hc,2.00,away,ft,2.56,2
bNAl6yxe,Nakashima B.,Fucsovics M.,2,2,hc,-2.00,home,ft,2.107,4
bNAl6yxe,Nakashima B.,Fucsovics M.,2,2,hc,-2.00,away,ft,1.712,4
bNAl6yxe,Nakashima B.,Fucsovics M.,2,2,hc,2.50,home,ft,1.43,2
bNAl6yxe,Nakashima B.,Fucsovics M.,2,2,hc,2.50,away,ft,2.53,2
bNAl6yxe,Nakashima B.,Fucsovics M.,2,2,hc,-2.50,home,ft,2.192,4
bNAl6yxe,Nakashima B.,Fucsovics M.,2,2,hc,-2.50,away,ft,1.613,4
bNAl6yxe,Nakashima B.,Fucsovics M.,2,2,hc,-3.00,home,ft,2.575,2
bNAl6yxe,Nakashima B.,Fucsovics M.,2,2,hc,-3.00,away,ft,1.45,2
bNAl6yxe,Nakashima B.,Fucsovics M.,2,2,hc,-3.50,home,ft,2.685,2
bNAl6yxe,Nakashima B.,Fucsovics M.,2,2,hc,-3.50,away,ft,1.39,2
bNAl6yxe,Nakashima B.,Fucsovics M.,2,2,hc,-4.00,home,ft,3.47,2
bNAl6yxe,Nakashima B.,Fucsovics M.,2,2,hc,-4.00,away,ft,1.24,2
44qbaDv1,Brooksby J.,Darderi L.,2,2,ou,2.50,over,ft,2.347,3
44qbaDv1,Brooksby J.,Darderi L.,2,2,ou,2.50,under,ft,1.623,3
44qbaDv1,Brooksby J.,Darderi L.,2,2,ou,19.50,over,ft,1.26,2
44qbaDv1,Brooksby J.,Darderi L.,2,2,ou,19.50,under,ft,3.33,2
44qbaDv1,Brooksby J.,Darderi L.,2,2,ou,20.00,over,ft,1.38,2
44qbaDv1,Brooksby J.,Darderi L.,2,2,ou,20.00,under,ft,2.72,2
44qbaDv1,Brooksby J.,Darderi L.,2,2,ou,20.50,over,ft,1.5,2
44qbaDv1,Brooksby J.,Darderi L.,2,2,ou,20.50,under,ft,2.38,2
44qbaDv1,Brooksby J.,Darderi L.,2,2,ou,21.00,over,ft,1.608,5
44qbaDv1,Brooksby J.,Darderi L.,2,2,ou,21.00,under,ft,2.266,5
44qbaDv1,Brooksby J.,Darderi L.,2,2,ou,21.50,over,ft,1.681,7
44qbaDv1,Brooksby J.,Darderi L.,2,2,ou,21.50,under,ft,2.131,7
44qbaDv1,Brooksby J.,Darderi L.,2,2,ou,22.00,over,ft,1.812,5
44qbaDv1,Brooksby J.,Darderi L.,2,2,ou,22.00,under,ft,1.994,5
44qbaDv1,Brooksby J.,Darderi L.,2,2,ou,22.50,over,ft,1.94,7
44qbaDv1,Brooksby J.,Darderi L.,2,2,ou,22.50,under,ft,1.85,7
44qbaDv1,Brooksby J.,Darderi L.,2,2,ou,23.00,over,ft,2.082,5
44qbaDv1,Brooksby J.,Darderi L.,2,2,ou,23.00,under,ft,1.738,5
44qbaDv1,Brooksby J.,Darderi L.,2,2,ou,23.50,over,ft,2.18,7
44qbaDv1,Brooksby J.,Darderi L.,2,2,ou,23.50,under,ft,1.649,7
44qbaDv1,Brooksby J.,Darderi L.,2,2,ou,24.00,over,ft,2.26,2
44qbaDv1,Brooksby J.,Darderi L.,2,2,ou,24.00,under,ft,1.57,2
44qbaDv1,Brooksby J.,Darderi L.,2,2,ou,24.50,over,ft,2.235,4
44qbaDv1,Brooksby J.,Darderi L.,2,2,ou,24.50,under,ft,1.568,4
44qbaDv1,Brooksby J.,Darderi L.,2,2,ou,25.00,over,ft,2.38,2
44qbaDv1,Brooksby J.,Darderi L.,2,2,ou,25.00,under,ft,1.49,2
44qbaDv1,Brooksby J.,Darderi L.,2,2,ou,25.50,over,ft,2.22,2
44qbaDv1,Brooksby J.,Darderi L.,2,2,ou,25.50,under,ft,1.56,2
44qbaDv1,Brooksby J.,Darderi L.,2,2,ou,26.50,over,ft,2.49,2
44qbaDv1,Brooksby J.,Darderi L.,2,2,ou,26.50,under,ft,1.45,2
44qbaDv1,Brooksby J.,Darderi L.,2,2,ou,27.50,over,ft,2.7,2
44qbaDv1,Brooksby J.,Darderi L.,2,2,ou,27.50,under,ft,1.38,2
44qbaDv1,Brooksby J.,Darderi L.,2,2,hc,1.50,home,ft,1.23,4
44qbaDv1,Brooksby J.,Darderi L.,2,2,hc,1.50,away,ft,4.147,4
44qbaDv1,Brooksby J.,Darderi L.,2,2,hc,-1.50,home,ft,2.34,6
44qbaDv1,Brooksby J.,Darderi L.,2,2,hc,-1.50,away,ft,1.575,6
44qbaDv1,Brooksby J.,Darderi L.,2,2,hc,0,home,ft,1.49,2
44qbaDv1,Brooksby J.,Darderi L.,2,2,hc,0,away,ft,2.52,2
44qbaDv1,Brooksby J.,Darderi L.,2,2,hc,0.50,home,ft,1.58,2
44qbaDv1,Brooksby J.,Darderi L.,2,2,hc,0.50,away,ft,2.3,2
44qbaDv1,Brooksby J.,Darderi L.,2,2,hc,-0.50,home,ft,1.62,4
44qbaDv1,Brooksby J.,Darderi L.,2,2,hc,-0.50,away,ft,2.215,4
44qbaDv1,Brooksby J.,Darderi L.,2,2,hc,1.00,home,ft,1.4,2
44qbaDv1,Brooksby J.,Darderi L.,2,2,hc,1.00,away,ft,2.64,2
44qbaDv1,Brooksby J.,Darderi L.,2,2,hc,-1.00,home,ft,1.657,4
44qbaDv1,Brooksby J.,Darderi L.,2,2,hc,-1.00,away,ft,2.22,4
44qbaDv1,Brooksby J.,Darderi L.,2,2,hc,1.50,home,ft,1.52,2
44qbaDv1,Brooksby J.,Darderi L.,2,2,hc,1.50,away,ft,2.3,2
44qbaDv1,Brooksby J.,Darderi L.,2,2,hc,-1.50,home,ft,1.657,6
44qbaDv1,Brooksby J.,Darderi L.,2,2,hc,-1.50,away,ft,2.192,6
44qbaDv1,Brooksby J.,Darderi L.,2,2,hc,2.00,home,ft,1.45,2
44qbaDv1,Brooksby J.,Darderi L.,2,2,hc,2.00,away,ft,2.49,2
44qbaDv1,Brooksby J.,Darderi L.,2,2,hc,-2.00,home,ft,1.745,4
44qbaDv1,Brooksby J.,Darderi L.,2,2,hc,-2.00,away,ft,2.092,4
44qbaDv1,Brooksby J.,Darderi L.,2,2,hc,-2.50,home,ft,1.88,6
44qbaDv1,Brooksby J.,Darderi L.,2,2,hc,-2.50,away,ft,1.933,6
44qbaDv1,Brooksby J.,Darderi L.,2,2,hc,-3.00,home,ft,2.01,4
44qbaDv1,Brooksby J.,Darderi L.,2,2,hc,-3.00,away,ft,1.81,4
44qbaDv1,Brooksby J.,Darderi L.,2,2,hc,-3.50,home,ft,2.152,6
44qbaDv1,Brooksby J.,Darderi L.,2,2,hc,-3.50,away,ft,1.68,6
44qbaDv1,Brooksby J.,Darderi L.,2,2,hc,-4.00,home,ft,2.53,4
44qbaDv1,Brooksby J.,Darderi L.,2,2,hc,-4.00,away,ft,1.52,4
44qbaDv1,Brooksby J.,Darderi L.,2,2,hc,-4.50,home,ft,2.773,3
44qbaDv1,Brooksby J.,Darderi L.,2,2,hc,-4.50,away,ft,1.41,3
44qbaDv1,Brooksby J.,Darderi L.,2,2,hc,-5.00,home,ft,3.72,2
44qbaDv1,Brooksby J.,Darderi L.,2,2,hc,-5.00,away,ft,1.25,2
2HholraC,Ruud C.,Berrettini M.,2,2,ou,2.50,over,ft,2.44,3
2HholraC,Ruud C.,Berrettini M.,2,2,ou,2.50,under,ft,1.58,3
2HholraC,Ruud C.,Berrettini M.,2,2,ou,21.00,over,ft,1.32,2
2HholraC,Ruud C.,Berrettini M.,2,2,ou,21.00,under,ft,2.99,2
2HholraC,Ruud C.,Berrettini M.,2,2,ou,21.50,over,ft,1.443,3
2HholraC,Ruud C.,Berrettini M.,2,2,ou,21.50,under,ft,2.597,3
2HholraC,Ruud C.,Berrettini M.,2,2,ou,22.00,over,ft,1.554,5
2HholraC,Ruud C.,Berrettini M.,2,2,ou,22.00,under,ft,2.382,5
2HholraC,Ruud C.,Berrettini M.,2,2,ou,22.50,over,ft,1.689,7
2HholraC,Ruud C.,Berrettini M.,2,2,ou,22.50,under,ft,2.111,7
2HholraC,Ruud C.,Berrettini M.,2,2,ou,23.00,over,ft,1.872,5
2HholraC,Ruud C.,Berrettini M.,2,2,ou,23.00,under,ft,1.922,5
2HholraC,Ruud C.,Berrettini M.,2,2,ou,23.50,over,ft,1.964,7
2HholraC,Ruud C.,Berrettini M.,2,2,ou,23.50,under,ft,1.844,7
2HholraC,Ruud C.,Berrettini M.,2,2,ou,24.00,over,ft,2.052,5
2HholraC,Ruud C.,Berrettini M.,2,2,ou,24.00,under,ft,1.748,5
2HholraC,Ruud C.,Berrettini M.,2,2,ou,24.50,over,ft,1.956,5
2HholraC,Ruud C.,Berrettini M.,2,2,ou,24.50,under,ft,1.756,5
2HholraC,Ruud C.,Berrettini M.,2,2,ou,25.00,over,ft,2.06,2
2HholraC,Ruud C.,Berrettini M.,2,2,ou,25.00,under,ft,1.68,2
2HholraC,Ruud C.,Berrettini M.,2,2,ou,25.50,over,ft,2.063,3
2HholraC,Ruud C.,Berrettini M.,2,2,ou,25.50,under,ft,1.67,3
2HholraC,Ruud C.,Berrettini M.,2,2,ou,26.00,over,ft,2.3,2
2HholraC,Ruud C.,Berrettini M.,2,2,ou,26.00,under,ft,1.52,2
2HholraC,Ruud C.,Berrettini M.,2,2,ou,26.50,over,ft,2.3,1
2HholraC,Ruud C.,Berrettini M.,2,2,ou,26.50,under,ft,1.55,1
2HholraC,Ruud C.,Berrettini M.,2,2,ou,27.00,over,ft,2.36,2
2HholraC,Ruud C.,Berrettini M.,2,2,ou,27.00,under,ft,1.51,2
2HholraC,Ruud C.,Berrettini M.,2,2,ou,27.50,over,ft,2.38,2
2HholraC,Ruud C.,Berrettini M.,2,2,ou,27.50,under,ft,1.49,2
2HholraC,Ruud C.,Berrettini M.,2,2,ou,28.50,over,ft,2.65,1
2HholraC,Ruud C.,Berrettini M.,2,2,ou,28.50,under,ft,1.42,1
2HholraC,Ruud C.,Berrettini M.,2,2,hc,1.50,home,ft,1.285,4
2HholraC,Ruud C.,Berrettini M.,2,2,hc,1.50,away,ft,3.598,4
2HholraC,Ruud C.,Berrettini M.,2,2,hc,-1.50,home,ft,2.55,6
2HholraC,Ruud C.,Berrettini M.,2,2,hc,-1.50,away,ft,1.488,6
2HholraC,Ruud C.,Berrettini M.,2,2,hc,0,home,ft,1.62,2
2HholraC,Ruud C.,Berrettini M.,2,2,hc,0,away,ft,2.155,2
2HholraC,Ruud C.,Berrettini M.,2,2,hc,12.50,home,ft,2.12,1
2HholraC,Ruud C.,Berrettini M.,2,2,hc,12.50,away,ft,1.88,1
2HholraC,Ruud C.,Berrettini M.,2,2,hc,0.50,home,ft,1.61,3
2HholraC,Ruud C.,Berrettini M.,2,2,hc,0.50,away,ft,2.2,3
2HholraC,Ruud C.,Berrettini M.,2,2,hc,-0.50,home,ft,1.703,6
2HholraC,Ruud C.,Berrettini M.,2,2,hc,-0.50,away,ft,2.102,6
2HholraC,Ruud C.,Berrettini M.,2,2,hc,1.00,home,ft,1.515,2
2HholraC,Ruud C.,Berrettini M.,2,2,hc,1.00,away,ft,2.385,2
2HholraC,Ruud C.,Berrettini M.,2,2,hc,-1.00,home,ft,1.765,4
2HholraC,Ruud C.,Berrettini M.,2,2,hc,-1.00,away,ft,2.04,4
2HholraC,Ruud C.,Berrettini M.,2,2,hc,1.50,home,ft,1.46,2
2HholraC,Ruud C.,Berrettini M.,2,2,hc,1.50,away,ft,2.45,2
2HholraC,Ruud C.,Berrettini M.,2,2,hc,-1.50,home,ft,1.87,5
2HholraC,Ruud C.,Berrettini M.,2,2,hc,-1.50,away,ft,1.948,5
2HholraC,Ruud C.,Berrettini M.,2,2,hc,2.00,home,ft,1.44,2
2HholraC,Ruud C.,Berrettini M.,2,2,hc,2.00,away,ft,2.5,2
2HholraC,Ruud C.,Berrettini M.,2,2,hc,-2.00,home,ft,1.982,4
2HholraC,Ruud C.,Berrettini M.,2,2,hc,-2.00,away,ft,1.815,4
2HholraC,Ruud C.,Berrettini M.,2,2,hc,-2.50,home,ft,2.11,6
2HholraC,Ruud C.,Berrettini M.,2,2,hc,-2.50,away,ft,1.695,6
2HholraC,Ruud C.,Berrettini M.,2,2,hc,-3.00,home,ft,2.478,4
2HholraC,Ruud C.,Berrettini M.,2,2,hc,-3.00,away,ft,1.532,4
2HholraC,Ruud C.,Berrettini M.,2,2,hc,-3.50,home,ft,2.75,2
2HholraC,Ruud C.,Berrettini M.,2,2,hc,-3.50,away,ft,1.395,2
2HholraC,Ruud C.,Berrettini M.,2,2,hc,-4.00,home,ft,3.775,2
2HholraC,Ruud C.,Berrettini M.,2,2,hc,-4.00,away,ft,1.225,2
Awl6USEE,Borges N.,Fritz T.,0,0,ou,2.50,over,ft,3.175,2
Awl6USEE,Borges N.,Fritz T.,0,0,ou,2.50,under,ft,1.4,2
Awl6USEE,Borges N.,Fritz T.,0,0,ou,17.50,over,ft,1.18,2
Awl6USEE,Borges N.,Fritz T.,0,0,ou,17.50,under,ft,4.12,2
Awl6USEE,Borges N.,Fritz T.,0,0,ou,18.50,over,ft,1.24,2
Awl6USEE,Borges N.,Fritz T.,0,0,ou,18.50,under,ft,3.51,2
Awl6USEE,Borges N.,Fritz T.,0,0,ou,19.00,over,ft,1.28,2
Awl6USEE,Borges N.,Fritz T.,0,0,ou,19.00,under,ft,3.22,2
Awl6USEE,Borges N.,Fritz T.,0,0,ou,19.50,over,ft,1.4,2
Awl6USEE,Borges N.,Fritz T.,0,0,ou,19.50,under,ft,2.69,2
Awl6USEE,Borges N.,Fritz T.,0,0,ou,20.00,over,ft,1.47,2
Awl6USEE,Borges N.,Fritz T.,0,0,ou,20.00,under,ft,2.5,2
Awl6USEE,Borges N.,Fritz T.,0,0,ou,20.50,over,ft,1.619,7
Awl6USEE,Borges N.,Fritz T.,0,0,ou,20.50,under,ft,2.231,7
Awl6USEE,Borges N.,Fritz T.,0,0,ou,21.00,over,ft,1.718,5
Awl6USEE,Borges N.,Fritz T.,0,0,ou,21.00,under,ft,2.114,5
Awl6USEE,Borges N.,Fritz T.,0,0,ou,21.50,over,ft,1.861,7
Awl6USEE,Borges N.,Fritz T.,0,0,ou,21.50,under,ft,1.94,7
Awl6USEE,Borges N.,Fritz T.,0,0,ou,22.00,over,ft,2.024,5
Awl6USEE,Borges N.,Fritz T.,0,0,ou,22.00,under,ft,1.778,5
Awl6USEE,Borges N.,Fritz T.,0,0,ou,22.50,over,ft,2.18,7
Awl6USEE,Borges N.,Fritz T.,0,0,ou,22.50,under,ft,1.654,7
Awl6USEE,Borges N.,Fritz T.,0,0,ou,23.00,over,ft,2.396,5
Awl6USEE,Borges N.,Fritz T.,0,0,ou,23.00,under,ft,1.542,5
Awl6USEE,Borges N.,Fritz T.,0,0,ou,23.50,over,ft,2.47,3
Awl6USEE,Borges N.,Fritz T.,0,0,ou,23.50,under,ft,1.48,3
Awl6USEE,Borges N.,Fritz T.,0,0,ou,24.00,over,ft,2.55,2
Awl6USEE,Borges N.,Fritz T.,0,0,ou,24.00,under,ft,1.43,2
Awl6USEE,Borges N.,Fritz T.,0,0,ou,24.50,over,ft,2.4,2
Awl6USEE,Borges N.,Fritz T.,0,0,ou,24.50,under,ft,1.5,2
Awl6USEE,Borges N.,Fritz T.,0,0,ou,25.00,over,ft,2.5,2
Awl6USEE,Borges N.,Fritz T.,0,0,ou,25.00,under,ft,1.44,2
Awl6USEE,Borges N.,Fritz T.,0,0,ou,25.50,over,ft,2.5,2
Awl6USEE,Borges N.,Fritz T.,0,0,ou,25.50,under,ft,1.44,2
Awl6USEE,Borges N.,Fritz T.,0,0,ou,26.50,over,ft,2.79,2
Awl6USEE,Borges N.,Fritz T.,0,0,ou,26.50,under,ft,1.36,2
Awl6USEE,Borges N.,Fritz T.,0,0,hc,1.50,home,ft,2.333,6
Awl6USEE,Borges N.,Fritz T.,0,0,hc,1.50,away,ft,1.575,6
Awl6USEE,Borges N.,Fritz T.,0,0,hc,-1.50,home,ft,8.407,4
Awl6USEE,Borges N.,Fritz T.,0,0,hc,-1.50,away,ft,1.07,4
Awl6USEE,Borges N.,Fritz T.,0,0,hc,1.00,home,ft,3.9,2
Awl6USEE,Borges N.,Fritz T.,0,0,hc,1.00,away,ft,1.23,2
Awl6USEE,Borges N.,Fritz T.,0,0,hc,1.50,home,ft,3.55,2
Awl6USEE,Borges N.,Fritz T.,0,0,hc,1.50,away,ft,1.27,2
Awl6USEE,Borges N.,Fritz T.,0,0,hc,2.00,home,ft,3.82,2
Awl6USEE,Borges N.,Fritz T.,0,0,hc,2.00,away,ft,1.24,2
Awl6USEE,Borges N.,Fritz T.,0,0,hc,2.50,home,ft,2.96,4
Awl6USEE,Borges N.,Fritz T.,0,0,hc,2.50,away,ft,1.373,4
Awl6USEE,Borges N.,Fritz T.,0,0,hc,3.00,home,ft,2.882,4
Awl6USEE,Borges N.,Fritz T.,0,0,hc,3.00,away,ft,1.415,4
Awl6USEE,Borges N.,Fritz T.,0,0,hc,3.50,home,ft,2.35,6
Awl6USEE,Borges N.,Fritz T.,0,0,hc,3.50,away,ft,1.573,6
Awl6USEE,Borges N.,Fritz T.,0,0,hc,4.00,home,ft,2.025,4
Awl6USEE,Borges N.,Fritz T.,0,0,hc,4.00,away,ft,1.8,4
Awl6USEE,Borges N.,Fritz T.,0,0,hc,4.50,home,ft,1.788,6
Awl6USEE,Borges N.,Fritz T.,0,0,hc,4.50,away,ft,2.032,6
Awl6USEE,Borges N.,Fritz T.,0,0,hc,5.00,home,ft,1.47,4
Awl6USEE,Borges N.,Fritz T.,0,0,hc,5.00,away,ft,2.697,4
Awl6USEE,Borges N.,Fritz T.,0,0,hc,5.50,home,ft,1.39,4
Awl6USEE,Borges N.,Fritz T.,0,0,hc,5.50,away,ft,2.84,4
Awl6USEE,Borges N.,Fritz T.,0,0,hc,6.00,home,ft,1.19,2
Awl6USEE,Borges N.,Fritz T.,0,0,hc,6.00,away,ft,4.33,2
Awl6USEE,Borges N.,Fritz T.,0,0,hc,6.50,home,ft,1.16,2
Awl6USEE,Borges N.,Fritz T.,0,0,hc,6.50,away,ft,4.9,2
Awl6USEE,Borges N.,Fritz T.,0,0,hc,7.00,home,ft,1.05,2
Awl6USEE,Borges N.,Fritz T.,0,0,hc,7.00,away,ft,8.5,2
r99zTcHl,Shimabukuro S.,Korda S.,0,0,ou,2.50,over,ft,2.703,3
r99zTcHl,Shimabukuro S.,Korda S.,0,0,ou,2.50,under,ft,1.497,3
r99zTcHl,Shimabukuro S.,Korda S.,0,0,ou,18.50,over,ft,1.19,2
r99zTcHl,Shimabukuro S.,Korda S.,0,0,ou,18.50,under,ft,4.02,2
r99zTcHl,Shimabukuro S.,Korda S.,0,0,ou,19.00,over,ft,1.26,2
r99zTcHl,Shimabukuro S.,Korda S.,0,0,ou,19.00,under,ft,3.35,2
r99zTcHl,Shimabukuro S.,Korda S.,0,0,ou,19.50,over,ft,1.37,2
r99zTcHl,Shimabukuro S.,Korda S.,0,0,ou,19.50,under,ft,2.81,2
r99zTcHl,Shimabukuro S.,Korda S.,0,0,ou,20.00,over,ft,1.4,2
r99zTcHl,Shimabukuro S.,Korda S.,0,0,ou,20.00,under,ft,2.65,2
r99zTcHl,Shimabukuro S.,Korda S.,0,0,ou,20.50,over,ft,1.577,3
r99zTcHl,Shimabukuro S.,Korda S.,0,0,ou,20.50,under,ft,2.31,3
r99zTcHl,Shimabukuro S.,Korda S.,0,0,ou,21.00,over,ft,1.616,5
r99zTcHl,Shimabukuro S.,Korda S.,0,0,ou,21.00,under,ft,2.282,5
r99zTcHl,Shimabukuro S.,Korda S.,0,0,ou,21.50,over,ft,1.704,7
r99zTcHl,Shimabukuro S.,Korda S.,0,0,ou,21.50,under,ft,2.087,7
r99zTcHl,Shimabukuro S.,Korda S.,0,0,ou,22.00,over,ft,1.866,5
r99zTcHl,Shimabukuro S.,Korda S.,0,0,ou,22.00,under,ft,1.938,5
r99zTcHl,Shimabukuro S.,Korda S.,0,0,ou,22.50,over,ft,2.007,7
r99zTcHl,Shimabukuro S.,Korda S.,0,0,ou,22.50,under,ft,1.799,7
r99zTcHl,Shimabukuro S.,Korda S.,0,0,ou,23.00,over,ft,2.178,5
r99zTcHl,Shimabukuro S.,Korda S.,0,0,ou,23.00,under,ft,1.682,5
r99zTcHl,Shimabukuro S.,Korda S.,0,0,ou,23.50,over,ft,2.265,6
r99zTcHl,Shimabukuro S.,Korda S.,0,0,ou,23.50,under,ft,1.592,6
r99zTcHl,Shimabukuro S.,Korda S.,0,0,ou,24.00,over,ft,2.28,2
r99zTcHl,Shimabukuro S.,Korda S.,0,0,ou,24.00,under,ft,1.56,2
r99zTcHl,Shimabukuro S.,Korda S.,0,0,ou,24.50,over,ft,2.292,4
r99zTcHl,Shimabukuro S.,Korda S.,0,0,ou,24.50,under,ft,1.545,4
r99zTcHl,Shimabukuro S.,Korda S.,0,0,ou,25.00,over,ft,2.4,2
r99zTcHl,Shimabukuro S.,Korda S.,0,0,ou,25.00,under,ft,1.48,2
r99zTcHl,Shimabukuro S.,Korda S.,0,0,ou,25.50,over,ft,2.35,2
r99zTcHl,Shimabukuro S.,Korda S.,0,0,ou,25.50,under,ft,1.5,2
r99zTcHl,Shimabukuro S.,Korda S.,0,0,ou,26.50,over,ft,2.64,2
r99zTcHl,Shimabukuro S.,Korda S.,0,0,ou,26.50,under,ft,1.4,2
r99zTcHl,Shimabukuro S.,Korda S.,0,0,hc,1.50,home,ft,1.838,6
r99zTcHl,Shimabukuro S.,Korda S.,0,0,hc,1.50,away,ft,1.925,6
r99zTcHl,Shimabukuro S.,Korda S.,0,0,hc,-1.50,home,ft,5.418,4
r99zTcHl,Shimabukuro S.,Korda S.,0,0,hc,-1.50,away,ft,1.137,4
r99zTcHl,Shimabukuro S.,Korda S.,0,0,hc,1.00,home,ft,2.95,2
r99zTcHl,Shimabukuro S.,Korda S.,0,0,hc,1.00,away,ft,1.37,2
r99zTcHl,Shimabukuro S.,Korda S.,0,0,hc,1.50,home,ft,2.74,2
r99zTcHl,Shimabukuro S.,Korda S.,0,0,hc,1.50,away,ft,1.42,2
r99zTcHl,Shimabukuro S.,Korda S.,0,0,hc,2.00,home,ft,2.57,2
r99zTcHl,Shimabukuro S.,Korda S.,0,0,hc,2.00,away,ft,1.47,2
r99zTcHl,Shimabukuro S.,Korda S.,0,0,hc,2.50,home,ft,2.382,6
r99zTcHl,Shimabukuro S.,Korda S.,0,0,hc,2.50,away,ft,1.565,6
r99zTcHl,Shimabukuro S.,Korda S.,0,0,hc,3.00,home,ft,2.19,4
r99zTcHl,Shimabukuro S.,Korda S.,0,0,hc,3.00,away,ft,1.685,4
r99zTcHl,Shimabukuro S.,Korda S.,0,0,hc,3.50,home,ft,1.95,5
r99zTcHl,Shimabukuro S.,Korda S.,0,0,hc,3.50,away,ft,1.866,5
r99zTcHl,Shimabukuro S.,Korda S.,0,0,hc,4.00,home,ft,1.715,4
r99zTcHl,Shimabukuro S.,Korda S.,0,0,hc,4.00,away,ft,2.14,4
r99zTcHl,Shimabukuro S.,Korda S.,0,0,hc,4.50,home,ft,1.562,6
r99zTcHl,Shimabukuro S.,Korda S.,0,0,hc,4.50,away,ft,2.393,6
r99zTcHl,Shimabukuro S.,Korda S.,0,0,hc,5.00,home,ft,1.365,4
r99zTcHl,Shimabukuro S.,Korda S.,0,0,hc,5.00,away,ft,3.112,4
r99zTcHl,Shimabukuro S.,Korda S.,0,0,hc,5.50,home,ft,1.28,2
r99zTcHl,Shimabukuro S.,Korda S.,0,0,hc,5.50,away,ft,3.48,2
r99zTcHl,Shimabukuro S.,Korda S.,0,0,hc,6.00,home,ft,1.14,2
r99zTcHl,Shimabukuro S.,Korda S.,0,0,hc,6.00,away,ft,5.2,2
8lboLOy1,Vukic A.,Altmaier D.,2,2,ou,2.50,over,ft,2.277,3
8lboLOy1,Vukic A.,Altmaier D.,2,2,ou,2.50,under,ft,1.67,3
8lboLOy1,Vukic A.,Altmaier D.,2,2,ou,19.50,over,ft,1.24,2
8lboLOy1,Vukic A.,Altmaier D.,2,2,ou,19.50,under,ft,3.53,2
8lboLOy1,Vukic A.,Altmaier D.,2,2,ou,20.50,over,ft,1.35,2
8lboLOy1,Vukic A.,Altmaier D.,2,2,ou,20.50,under,ft,2.85,2
8lboLOy1,Vukic A.,Altmaier D.,2,2,ou,21.00,over,ft,1.29,2
8lboLOy1,Vukic A.,Altmaier D.,2,2,ou,21.00,under,ft,3.15,2
8lboLOy1,Vukic A.,Altmaier D.,2,2,ou,21.50,over,ft,1.38,2
8lboLOy1,Vukic A.,Altmaier D.,2,2,ou,21.50,under,ft,2.77,2
8lboLOy1,Vukic A.,Altmaier D.,2,2,ou,22.00,over,ft,1.49,3
8lboLOy1,Vukic A.,Altmaier D.,2,2,ou,22.00,under,ft,2.47,3
8lboLOy1,Vukic A.,Altmaier D.,2,2,ou,22.50,over,ft,1.659,7
8lboLOy1,Vukic A.,Altmaier D.,2,2,ou,22.50,under,ft,2.16,7
8lboLOy1,Vukic A.,Altmaier D.,2,2,ou,23.00,over,ft,1.794,5
8lboLOy1,Vukic A.,Altmaier D.,2,2,ou,23.00,under,ft,2.01,5
8lboLOy1,Vukic A.,Altmaier D.,2,2,ou,23.50,over,ft,1.959,7
8lboLOy1,Vukic A.,Altmaier D.,2,2,ou,23.50,under,ft,1.851,7
8lboLOy1,Vukic A.,Altmaier D.,2,2,ou,24.00,over,ft,1.964,5
8lboLOy1,Vukic A.,Altmaier D.,2,2,ou,24.00,under,ft,1.832,5
8lboLOy1,Vukic A.,Altmaier D.,2,2,ou,24.50,over,ft,1.994,7
8lboLOy1,Vukic A.,Altmaier D.,2,2,ou,24.50,under,ft,1.77,7
8lboLOy1,Vukic A.,Altmaier D.,2,2,ou,25.00,over,ft,1.98,2
8lboLOy1,Vukic A.,Altmaier D.,2,2,ou,25.00,under,ft,1.74,2
8lboLOy1,Vukic A.,Altmaier D.,2,2,ou,25.50,over,ft,2.04,2
8lboLOy1,Vukic A.,Altmaier D.,2,2,ou,25.50,under,ft,1.68,2
8lboLOy1,Vukic A.,Altmaier D.,2,2,ou,26.00,over,ft,2.22,2
8lboLOy1,Vukic A.,Altmaier D.,2,2,ou,26.00,under,ft,1.56,2
8lboLOy1,Vukic A.,Altmaier D.,2,2,ou,26.50,over,ft,2.327,3
8lboLOy1,Vukic A.,Altmaier D.,2,2,ou,26.50,under,ft,1.527,3
8lboLOy1,Vukic A.,Altmaier D.,2,2,ou,27.50,over,ft,2.49,2
8lboLOy1,Vukic A.,Altmaier D.,2,2,ou,27.50,under,ft,1.45,2
8lboLOy1,Vukic A.,Altmaier D.,2,2,ou,28.50,over,ft,2.8,1
8lboLOy1,Vukic A.,Altmaier D.,2,2,ou,28.50,under,ft,1.4,1
8lboLOy1,Vukic A.,Altmaier D.,2,2,hc,1.50,home,ft,1.377,6
8lboLOy1,Vukic A.,Altmaier D.,2,2,hc,1.50,away,ft,3.002,6
8lboLOy1,Vukic A.,Altmaier D.,2,2,hc,-1.50,home,ft,3.13,6
8lboLOy1,Vukic A.,Altmaier D.,2,2,hc,-1.50,away,ft,1.345,6
8lboLOy1,Vukic A.,Altmaier D.,2,2,hc,0,home,ft,1.937,4
8lboLOy1,Vukic A.,Altmaier D.,2,2,hc,0,away,ft,1.835,4
8lboLOy1,Vukic A.,Altmaier D.,2,2,hc,13.00,home,ft,1.76,1
8lboLOy1,Vukic A.,Altmaier D.,2,2,hc,13.00,away,ft,1.8,1
8lboLOy1,Vukic A.,Altmaier D.,2,2,hc,0.50,home,ft,1.87,5
8lboLOy1,Vukic A.,Altmaier D.,2,2,hc,0.50,away,ft,1.896,5
8lboLOy1,Vukic A.,Altmaier D.,2,2,hc,-0.50,home,ft,1.943,6
8lboLOy1,Vukic A.,Altmaier D.,2,2,hc,-0.50,away,ft,1.838,6
8lboLOy1,Vukic A.,Altmaier D.,2,2,hc,1.00,home,ft,1.772,4
8lboLOy1,Vukic A.,Altmaier D.,2,2,hc,1.00,away,ft,1.998,4
8lboLOy1,Vukic A.,Altmaier D.,2,2,hc,-1.00,home,ft,2.118,4
8lboLOy1,Vukic A.,Altmaier D.,2,2,hc,-1.00,away,ft,1.69,4
8lboLOy1,Vukic A.,Altmaier D.,2,2,hc,1.50,home,ft,1.892,6
8lboLOy1,Vukic A.,Altmaier D.,2,2,hc,1.50,away,ft,1.94,6
8lboLOy1,Vukic A.,Altmaier D.,2,2,hc,-1.50,home,ft,2.15,3
8lboLOy1,Vukic A.,Altmaier D.,2,2,hc,-1.50,away,ft,1.617,3
8lboLOy1,Vukic A.,Altmaier D.,2,2,hc,2.00,home,ft,1.56,2
8lboLOy1,Vukic A.,Altmaier D.,2,2,hc,2.00,away,ft,2.22,2
8lboLOy1,Vukic A.,Altmaier D.,2,2,hc,-2.00,home,ft,2.41,2
8lboLOy1,Vukic A.,Altmaier D.,2,2,hc,-2.00,away,ft,1.48,2
8lboLOy1,Vukic A.,Altmaier D.,2,2,hc,2.50,home,ft,1.537,3
8lboLOy1,Vukic A.,Altmaier D.,2,2,hc,2.50,away,ft,2.327,3
8lboLOy1,Vukic A.,Altmaier D.,2,2,hc,-2.50,home,ft,2.34,3
8lboLOy1,Vukic A.,Altmaier D.,2,2,hc,-2.50,away,ft,1.517,3
8lboLOy1,Vukic A.,Altmaier D.,2,2,hc,3.00,home,ft,1.34,2
8lboLOy1,Vukic A.,Altmaier D.,2,2,hc,3.00,away,ft,2.89,2
8lboLOy1,Vukic A.,Altmaier D.,2,2,hc,-3.00,home,ft,3.08,2
8lboLOy1,Vukic A.,Altmaier D.,2,2,hc,-3.00,away,ft,1.3,2
KvOr1XRj,Alcaraz C.,Baez S.,2,2,ou,2.50,over,ft,7.537,3
KvOr1XRj,Alcaraz C.,Baez S.,2,2,ou,2.50,under,ft,1.097,3
KvOr1XRj,Alcaraz C.,Baez S.,2,2,ou,14.50,over,ft,1.093,3
KvOr1XRj,Alcaraz C.,Baez S.,2,2,ou,14.50,under,ft,5.933,3
KvOr1XRj,Alcaraz C.,Baez S.,2,2,ou,15.00,over,ft,1.11,2
KvOr1XRj,Alcaraz C.,Baez S.,2,2,ou,15.00,under,ft,5.3,2
KvOr1XRj,Alcaraz C.,Baez S.,2,2,ou,15.50,over,ft,1.28,2
KvOr1XRj,Alcaraz C.,Baez S.,2,2,ou,15.50,under,ft,3.28,2
KvOr1XRj,Alcaraz C.,Baez S.,2,2,ou,16.00,over,ft,1.38,5
KvOr1XRj,Alcaraz C.,Baez S.,2,2,ou,16.00,under,ft,2.954,5
KvOr1XRj,Alcaraz C.,Baez S.,2,2,ou,16.50,over,ft,1.589,7
KvOr1XRj,Alcaraz C.,Baez S.,2,2,ou,16.50,under,ft,2.286,7
KvOr1XRj,Alcaraz C.,Baez S.,2,2,ou,17.00,over,ft,1.79,5
KvOr1XRj,Alcaraz C.,Baez S.,2,2,ou,17.00,under,ft,2.014,5
KvOr1XRj,Alcaraz C.,Baez S.,2,2,ou,17.50,over,ft,2.001,7
KvOr1XRj,Alcaraz C.,Baez S.,2,2,ou,17.50,under,ft,1.803,7
KvOr1XRj,Alcaraz C.,Baez S.,2,2,ou,18.00,over,ft,2.386,5
KvOr1XRj,Alcaraz C.,Baez S.,2,2,ou,18.00,under,ft,1.57,5
KvOr1XRj,Alcaraz C.,Baez S.,2,2,ou,18.50,over,ft,2.527,7
KvOr1XRj,Alcaraz C.,Baez S.,2,2,ou,18.50,under,ft,1.487,7
KvOr1XRj,Alcaraz C.,Baez S.,2,2,ou,19.00,over,ft,2.598,5
KvOr1XRj,Alcaraz C.,Baez S.,2,2,ou,19.00,under,ft,1.48,5
KvOr1XRj,Alcaraz C.,Baez S.,2,2,ou,19.50,over,ft,2.784,5
KvOr1XRj,Alcaraz C.,Baez S.,2,2,ou,19.50,under,ft,1.41,5
KvOr1XRj,Alcaraz C.,Baez S.,2,2,ou,20.00,over,ft,3.5,2
KvOr1XRj,Alcaraz C.,Baez S.,2,2,ou,20.00,under,ft,1.24,2
KvOr1XRj,Alcaraz C.,Baez S.,2,2,ou,20.50,over,ft,3.83,3
KvOr1XRj,Alcaraz C.,Baez S.,2,2,ou,20.50,under,ft,1.207,3
KvOr1XRj,Alcaraz C.,Baez S.,2,2,ou,21.00,over,ft,3.04,2
KvOr1XRj,Alcaraz C.,Baez S.,2,2,ou,21.00,under,ft,1.31,2
KvOr1XRj,Alcaraz C.,Baez S.,2,2,ou,21.50,over,ft,4.59,2
KvOr1XRj,Alcaraz C.,Baez S.,2,2,ou,21.50,under,ft,1.14,2
KvOr1XRj,Alcaraz C.,Baez S.,2,2,ou,22.50,over,ft,5.77,2
KvOr1XRj,Alcaraz C.,Baez S.,2,2,ou,22.50,under,ft,1.09,2
KvOr1XRj,Alcaraz C.,Baez S.,2,2,ou,23.50,over,ft,4.3,2
KvOr1XRj,Alcaraz C.,Baez S.,2,2,ou,23.50,under,ft,1.16,2
KvOr1XRj,Alcaraz C.,Baez S.,2,2,hc,1.50,away,ft,12.36,1
KvOr1XRj,Alcaraz C.,Baez S.,2,2,hc,-1.50,home,ft,1.11,6
KvOr1XRj,Alcaraz C.,Baez S.,2,2,hc,-1.50,away,ft,6.145,6
KvOr1XRj,Alcaraz C.,Baez S.,2,2,hc,-4.00,home,ft,1.08,2
KvOr1XRj,Alcaraz C.,Baez S.,2,2,hc,-4.00,away,ft,7.1,2
KvOr1XRj,Alcaraz C.,Baez S.,2,2,hc,-4.50,home,ft,1.15,2
KvOr1XRj,Alcaraz C.,Baez S.,2,2,hc,-4.50,away,ft,4.95,2
KvOr1XRj,Alcaraz C.,Baez S.,2,2,hc,-5.00,home,ft,1.15,2
KvOr1XRj,Alcaraz C.,Baez S.,2,2,hc,-5.00,away,ft,5.05,2
KvOr1XRj,Alcaraz C.,Baez S.,2,2,hc,-5.50,home,ft,1.317,6
KvOr1XRj,Alcaraz C.,Baez S.,2,2,hc,-5.50,away,ft,3.302,6
KvOr1XRj,Alcaraz C.,Baez S.,2,2,hc,-6.00,home,ft,1.365,4
KvOr1XRj,Alcaraz C.,Baez S.,2,2,hc,-6.00,away,ft,3.105,4
KvOr1XRj,Alcaraz C.,Baez S.,2,2,hc,-6.50,home,ft,1.66,6
KvOr1XRj,Alcaraz C.,Baez S.,2,2,hc,-6.50,away,ft,2.212,6
KvOr1XRj,Alcaraz C.,Baez S.,2,2,hc,-7.00,home,ft,1.875,4
KvOr1XRj,Alcaraz C.,Baez S.,2,2,hc,-7.00,away,ft,1.94,4
KvOr1XRj,Alcaraz C.,Baez S.,2,2,hc,-7.50,home,ft,2.23,6
KvOr1XRj,Alcaraz C.,Baez S.,2,2,hc,-7.50,away,ft,1.635,6
KvOr1XRj,Alcaraz C.,Baez S.,2,2,hc,-8.00,home,ft,3.04,4
KvOr1XRj,Alcaraz C.,Baez S.,2,2,hc,-8.00,away,ft,1.382,4
KvOr1XRj,Alcaraz C.,Baez S.,2,2,hc,-8.50,home,ft,3.22,4
KvOr1XRj,Alcaraz C.,Baez S.,2,2,hc,-8.50,away,ft,1.315,4
KvOr1XRj,Alcaraz C.,Baez S.,2,2,hc,-9.00,home,ft,5.5,2
KvOr1XRj,Alcaraz C.,Baez S.,2,2,hc,-9.00,away,ft,1.13,2
KvOr1XRj,Alcaraz C.,Baez S.,2,2,hc,-9.50,home,ft,6.2,2
KvOr1XRj,Alcaraz C.,Baez S.,2,2,hc,-9.50,away,ft,1.1,2
KvOr1XRj,Alcaraz C.,Baez S.,2,2,hc,-10.00,home,ft,12.5,2
lx9VgGKN,Medjedovic H.,Rune H.,0,0,ou,2.50,over,ft,2.313,3
lx9VgGKN,Medjedovic H.,Rune H.,0,0,ou,2.50,under,ft,1.627,3
lx9VgGKN,Medjedovic H.,Rune H.,0,0,ou,19.50,over,ft,1.24,2
lx9VgGKN,Medjedovic H.,Rune H.,0,0,ou,19.50,under,ft,3.51,2
lx9VgGKN,Medjedovic H.,Rune H.,0,0,ou,20.00,over,ft,1.28,2
lx9VgGKN,Medjedovic H.,Rune H.,0,0,ou,20.00,under,ft,3.22,2
lx9VgGKN,Medjedovic H.,Rune H.,0,0,ou,20.50,over,ft,1.39,2
lx9VgGKN,Medjedovic H.,Rune H.,0,0,ou,20.50,under,ft,2.73,2
lx9VgGKN,Medjedovic H.,Rune H.,0,0,ou,21.00,over,ft,1.405,2
lx9VgGKN,Medjedovic H.,Rune H.,0,0,ou,21.00,under,ft,2.785,2
lx9VgGKN,Medjedovic H.,Rune H.,0,0,ou,21.50,over,ft,1.527,6
lx9VgGKN,Medjedovic H.,Rune H.,0,0,ou,21.50,under,ft,2.467,6
lx9VgGKN,Medjedovic H.,Rune H.,0,0,ou,22.00,over,ft,1.596,5
lx9VgGKN,Medjedovic H.,Rune H.,0,0,ou,22.00,under,ft,2.324,5
lx9VgGKN,Medjedovic H.,Rune H.,0,0,ou,22.50,over,ft,1.724,7
lx9VgGKN,Medjedovic H.,Rune H.,0,0,ou,22.50,under,ft,2.064,7
lx9VgGKN,Medjedovic H.,Rune H.,0,0,ou,23.00,over,ft,1.886,5
lx9VgGKN,Medjedovic H.,Rune H.,0,0,ou,23.00,under,ft,1.916,5
lx9VgGKN,Medjedovic H.,Rune H.,0,0,ou,23.50,over,ft,2.019,7
lx9VgGKN,Medjedovic H.,Rune H.,0,0,ou,23.50,under,ft,1.787,7
lx9VgGKN,Medjedovic H.,Rune H.,0,0,ou,24.00,over,ft,2.056,5
lx9VgGKN,Medjedovic H.,Rune H.,0,0,ou,24.00,under,ft,1.762,5
lx9VgGKN,Medjedovic H.,Rune H.,0,0,ou,24.50,over,ft,2.074,5
lx9VgGKN,Medjedovic H.,Rune H.,0,0,ou,24.50,under,ft,1.7,5
lx9VgGKN,Medjedovic H.,Rune H.,0,0,ou,25.00,over,ft,2.115,2
lx9VgGKN,Medjedovic H.,Rune H.,0,0,ou,25.00,under,ft,1.685,2
lx9VgGKN,Medjedovic H.,Rune H.,0,0,ou,25.50,over,ft,2.17,3
lx9VgGKN,Medjedovic H.,Rune H.,0,0,ou,25.50,under,ft,1.643,3
lx9VgGKN,Medjedovic H.,Rune H.,0,0,ou,26.00,over,ft,2.34,2
lx9VgGKN,Medjedovic H.,Rune H.,0,0,ou,26.00,under,ft,1.55,2
lx9VgGKN,Medjedovic H.,Rune H.,0,0,ou,26.50,over,ft,2.54,2
lx9VgGKN,Medjedovic H.,Rune H.,0,0,ou,26.50,under,ft,1.43,2
lx9VgGKN,Medjedovic H.,Rune H.,0,0,ou,27.50,over,ft,2.79,2
lx9VgGKN,Medjedovic H.,Rune H.,0,0,ou,27.50,under,ft,1.36,2
lx9VgGKN,Medjedovic H.,Rune H.,0,0,hc,1.50,home,ft,1.478,6
lx9VgGKN,Medjedovic H.,Rune H.,0,0,hc,1.50,away,ft,2.57,6
lx9VgGKN,Medjedovic H.,Rune H.,0,0,hc,-1.50,home,ft,3.798,4
lx9VgGKN,Medjedovic H.,Rune H.,0,0,hc,-1.50,away,ft,1.255,4
lx9VgGKN,Medjedovic H.,Rune H.,0,0,hc,0,home,ft,2.315,2
lx9VgGKN,Medjedovic H.,Rune H.,0,0,hc,0,away,ft,1.595,2
lx9VgGKN,Medjedovic H.,Rune H.,0,0,hc,12.50,home,ft,1.89,1
lx9VgGKN,Medjedovic H.,Rune H.,0,0,hc,12.50,away,ft,2.12,1
lx9VgGKN,Medjedovic H.,Rune H.,0,0,hc,0.50,home,ft,2.153,6
lx9VgGKN,Medjedovic H.,Rune H.,0,0,hc,0.50,away,ft,1.682,6
lx9VgGKN,Medjedovic H.,Rune H.,0,0,hc,-0.50,home,ft,2.405,2
lx9VgGKN,Medjedovic H.,Rune H.,0,0,hc,-0.50,away,ft,1.555,2
lx9VgGKN,Medjedovic H.,Rune H.,0,0,hc,1.00,home,ft,2.118,4
lx9VgGKN,Medjedovic H.,Rune H.,0,0,hc,1.00,away,ft,1.73,4
lx9VgGKN,Medjedovic H.,Rune H.,0,0,hc,-1.00,home,ft,2.56,2
lx9VgGKN,Medjedovic H.,Rune H.,0,0,hc,-1.00,away,ft,1.49,2
lx9VgGKN,Medjedovic H.,Rune H.,0,0,hc,1.50,home,ft,2.018,6
lx9VgGKN,Medjedovic H.,Rune H.,0,0,hc,1.50,away,ft,1.78,6
lx9VgGKN,Medjedovic H.,Rune H.,0,0,hc,-1.50,home,ft,2.37,2
lx9VgGKN,Medjedovic H.,Rune H.,0,0,hc,-1.50,away,ft,1.49,2
lx9VgGKN,Medjedovic H.,Rune H.,0,0,hc,1.75,home,ft,2.2,2
lx9VgGKN,Medjedovic H.,Rune H.,0,0,hc,1.75,away,ft,1.6,2
lx9VgGKN,Medjedovic H.,Rune H.,0,0,hc,2.00,home,ft,1.88,4
lx9VgGKN,Medjedovic H.,Rune H.,0,0,hc,2.00,away,ft,1.938,4
lx9VgGKN,Medjedovic H.,Rune H.,0,0,hc,2.25,home,ft,2.11,2
lx9VgGKN,Medjedovic H.,Rune H.,0,0,hc,2.25,away,ft,1.73,2
lx9VgGKN,Medjedovic H.,Rune H.,0,0,hc,2.50,home,ft,1.733,6
lx9VgGKN,Medjedovic H.,Rune H.,0,0,hc,2.50,away,ft,2.077,6
lx9VgGKN,Medjedovic H.,Rune H.,0,0,hc,2.75,home,ft,1.9,2
lx9VgGKN,Medjedovic H.,Rune H.,0,0,hc,2.75,away,ft,1.8,2
lx9VgGKN,Medjedovic H.,Rune H.,0,0,hc,3.00,home,ft,1.593,4
lx9VgGKN,Medjedovic H.,Rune H.,0,0,hc,3.00,away,ft,2.365,4
lx9VgGKN,Medjedovic H.,Rune H.,0,0,hc,3.25,home,ft,1.77,2
lx9VgGKN,Medjedovic H.,Rune H.,0,0,hc,3.25,away,ft,2.06,2
lx9VgGKN,Medjedovic H.,Rune H.,0,0,hc,3.50,home,ft,1.532,6
lx9VgGKN,Medjedovic H.,Rune H.,0,0,hc,3.50,away,ft,2.465,6
lx9VgGKN,Medjedovic H.,Rune H.,0,0,hc,4.00,home,ft,1.373,3
lx9VgGKN,Medjedovic H.,Rune H.,0,0,hc,4.00,away,ft,3.107,3
lx9VgGKN,Medjedovic H.,Rune H.,0,0,hc,4.50,home,ft,1.335,4
lx9VgGKN,Medjedovic H.,Rune H.,0,0,hc,4.50,away,ft,3.04,4
lx9VgGKN,Medjedovic H.,Rune H.,0,0,hc,5.00,home,ft,1.13,2
lx9VgGKN,Medjedovic H.,Rune H.,0,0,hc,5.00,away,ft,4.74,2
lx9VgGKN,Medjedovic H.,Rune H.,0,0,hc,5.50,home,ft,1.21,2
lx9VgGKN,Medjedovic H.,Rune H.,0,0,hc,5.50,away,ft,4.15,2
lx9VgGKN,Medjedovic H.,Rune H.,0,0,hc,6.00,home,ft,1.1,2
lx9VgGKN,Medjedovic H.,Rune H.,0,0,hc,6.00,away,ft,6.3,2
zFp2h3qJ,Bergs Z.,Tabilo A.,2,2,ou,2.50,over,ft,2.395,2
zFp2h3qJ,Bergs Z.,Tabilo A.,2,2,ou,2.50,under,ft,1.62,2
zFp2h3qJ,Bergs Z.,Tabilo A.,2,2,ou,19.50,over,ft,1.26,2
zFp2h3qJ,Bergs Z.,Tabilo A.,2,2,ou,19.50,under,ft,3.33,2
zFp2h3qJ,Bergs Z.,Tabilo A.,2,2,ou,20.00,over,ft,1.33,2
zFp2h3qJ,Bergs Z.,Tabilo A.,2,2,ou,20.00,under,ft,3.35,2
zFp2h3qJ,Bergs Z.,Tabilo A.,2,2,ou,20.50,over,ft,1.44,2
zFp2h3qJ,Bergs Z.,Tabilo A.,2,2,ou,20.50,under,ft,2.81,2
zFp2h3qJ,Bergs Z.,Tabilo A.,2,2,ou,21.00,over,ft,1.48,2
zFp2h3qJ,Bergs Z.,Tabilo A.,2,2,ou,21.00,under,ft,2.65,2
zFp2h3qJ,Bergs Z.,Tabilo A.,2,2,ou,21.50,over,ft,1.579,7
zFp2h3qJ,Bergs Z.,Tabilo A.,2,2,ou,21.50,under,ft,2.339,7
zFp2h3qJ,Bergs Z.,Tabilo A.,2,2,ou,22.00,over,ft,1.69,5
zFp2h3qJ,Bergs Z.,Tabilo A.,2,2,ou,22.00,under,ft,2.17,5
zFp2h3qJ,Bergs Z.,Tabilo A.,2,2,ou,22.50,over,ft,1.843,7
zFp2h3qJ,Bergs Z.,Tabilo A.,2,2,ou,22.50,under,ft,1.95,7
zFp2h3qJ,Bergs Z.,Tabilo A.,2,2,ou,23.00,over,ft,1.964,5
zFp2h3qJ,Bergs Z.,Tabilo A.,2,2,ou,23.00,under,ft,1.848,5
zFp2h3qJ,Bergs Z.,Tabilo A.,2,2,ou,23.50,over,ft,2.047,7
zFp2h3qJ,Bergs Z.,Tabilo A.,2,2,ou,23.50,under,ft,1.751,7
zFp2h3qJ,Bergs Z.,Tabilo A.,2,2,ou,24.00,over,ft,2.087,3
zFp2h3qJ,Bergs Z.,Tabilo A.,2,2,ou,24.00,under,ft,1.727,3
zFp2h3qJ,Bergs Z.,Tabilo A.,2,2,ou,24.50,over,ft,2.11,4
zFp2h3qJ,Bergs Z.,Tabilo A.,2,2,ou,24.50,under,ft,1.683,4
zFp2h3qJ,Bergs Z.,Tabilo A.,2,2,ou,25.00,over,ft,2.2,2
zFp2h3qJ,Bergs Z.,Tabilo A.,2,2,ou,25.00,under,ft,1.67,2
zFp2h3qJ,Bergs Z.,Tabilo A.,2,2,ou,25.50,over,ft,2.3,2
zFp2h3qJ,Bergs Z.,Tabilo A.,2,2,ou,25.50,under,ft,1.52,2
zFp2h3qJ,Bergs Z.,Tabilo A.,2,2,ou,26.00,over,ft,2.33,2
zFp2h3qJ,Bergs Z.,Tabilo A.,2,2,ou,26.00,under,ft,1.51,2
zFp2h3qJ,Bergs Z.,Tabilo A.,2,2,ou,26.50,over,ft,2.6,2
zFp2h3qJ,Bergs Z.,Tabilo A.,2,2,ou,26.50,under,ft,1.41,2
zFp2h3qJ,Bergs Z.,Tabilo A.,2,2,ou,27.50,over,ft,2.85,2
zFp2h3qJ,Bergs Z.,Tabilo A.,2,2,ou,27.50,under,ft,1.35,2
zFp2h3qJ,Bergs Z.,Tabilo A.,2,2,hc,1.50,home,ft,1.323,6
zFp2h3qJ,Bergs Z.,Tabilo A.,2,2,hc,1.50,away,ft,3.26,6
zFp2h3qJ,Bergs Z.,Tabilo A.,2,2,hc,-1.50,home,ft,2.723,6
zFp2h3qJ,Bergs Z.,Tabilo A.,2,2,hc,-1.50,away,ft,1.433,6
zFp2h3qJ,Bergs Z.,Tabilo A.,2,2,hc,0,home,ft,1.755,4
zFp2h3qJ,Bergs Z.,Tabilo A.,2,2,hc,0,away,ft,2.105,4
zFp2h3qJ,Bergs Z.,Tabilo A.,2,2,hc,12.50,home,ft,1.94,1
zFp2h3qJ,Bergs Z.,Tabilo A.,2,2,hc,12.50,away,ft,1.84,1
zFp2h3qJ,Bergs Z.,Tabilo A.,2,2,hc,0.50,home,ft,1.743,6
zFp2h3qJ,Bergs Z.,Tabilo A.,2,2,hc,0.50,away,ft,2.08,6
zFp2h3qJ,Bergs Z.,Tabilo A.,2,2,hc,-0.50,home,ft,1.885,6
zFp2h3qJ,Bergs Z.,Tabilo A.,2,2,hc,-0.50,away,ft,1.917,6
zFp2h3qJ,Bergs Z.,Tabilo A.,2,2,hc,1.00,home,ft,1.68,4
zFp2h3qJ,Bergs Z.,Tabilo A.,2,2,hc,1.00,away,ft,2.228,4
zFp2h3qJ,Bergs Z.,Tabilo A.,2,2,hc,-1.00,home,ft,1.9,4
zFp2h3qJ,Bergs Z.,Tabilo A.,2,2,hc,-1.00,away,ft,1.93,4
zFp2h3qJ,Bergs Z.,Tabilo A.,2,2,hc,1.50,home,ft,1.69,5
zFp2h3qJ,Bergs Z.,Tabilo A.,2,2,hc,1.50,away,ft,2.164,5
zFp2h3qJ,Bergs Z.,Tabilo A.,2,2,hc,-1.50,home,ft,1.958,5
zFp2h3qJ,Bergs Z.,Tabilo A.,2,2,hc,-1.50,away,ft,1.856,5
zFp2h3qJ,Bergs Z.,Tabilo A.,2,2,hc,2.00,home,ft,1.62,4
zFp2h3qJ,Bergs Z.,Tabilo A.,2,2,hc,2.00,away,ft,2.323,4
zFp2h3qJ,Bergs Z.,Tabilo A.,2,2,hc,-2.00,home,ft,2.112,4
zFp2h3qJ,Bergs Z.,Tabilo A.,2,2,hc,-2.00,away,ft,1.745,4
zFp2h3qJ,Bergs Z.,Tabilo A.,2,2,hc,2.50,home,ft,1.612,6
zFp2h3qJ,Bergs Z.,Tabilo A.,2,2,hc,2.50,away,ft,2.232,6
zFp2h3qJ,Bergs Z.,Tabilo A.,2,2,hc,-2.50,home,ft,2.162,6
zFp2h3qJ,Bergs Z.,Tabilo A.,2,2,hc,-2.50,away,ft,1.685,6
zFp2h3qJ,Bergs Z.,Tabilo A.,2,2,hc,3.00,home,ft,1.507,4
zFp2h3qJ,Bergs Z.,Tabilo A.,2,2,hc,3.00,away,ft,2.507,4
zFp2h3qJ,Bergs Z.,Tabilo A.,2,2,hc,-3.00,home,ft,2.5,2
zFp2h3qJ,Bergs Z.,Tabilo A.,2,2,hc,-3.00,away,ft,1.54,2
zFp2h3qJ,Bergs Z.,Tabilo A.,2,2,hc,3.50,home,ft,1.463,3
zFp2h3qJ,Bergs Z.,Tabilo A.,2,2,hc,3.50,away,ft,2.57,3
zFp2h3qJ,Bergs Z.,Tabilo A.,2,2,hc,-3.50,home,ft,2.577,3
zFp2h3qJ,Bergs Z.,Tabilo A.,2,2,hc,-3.50,away,ft,1.497,3
zFp2h3qJ,Bergs Z.,Tabilo A.,2,2,hc,4.00,home,ft,1.27,2
zFp2h3qJ,Bergs Z.,Tabilo A.,2,2,hc,4.00,away,ft,3.27,2
zFp2h3qJ,Bergs Z.,Tabilo A.,2,2,hc,-4.00,home,ft,3.6,2
zFp2h3qJ,Bergs Z.,Tabilo A.,2,2,hc,-4.00,away,ft,1.29,2
zFp2h3qJ,Bergs Z.,Tabilo A.,2,2,hc,4.50,home,ft,1.33,2
zFp2h3qJ,Bergs Z.,Tabilo A.,2,2,hc,4.50,away,ft,2.93,2
zFp2h3qJ,Bergs Z.,Tabilo A.,2,2,hc,-4.50,home,ft,3.62,2
zFp2h3qJ,Bergs Z.,Tabilo A.,2,2,hc,-4.50,away,ft,1.22,2
zFp2h3qJ,Bergs Z.,Tabilo A.,2,2,hc,5.50,home,ft,1.11,2
zFp2h3qJ,Bergs Z.,Tabilo A.,2,2,hc,5.50,away,ft,5.2,2
zFp2h3qJ,Bergs Z.,Tabilo A.,2,2,hc,-5.50,home,ft,4.81,2
zFp2h3qJ,Bergs Z.,Tabilo A.,2,2,hc,-5.50,away,ft,1.13,2
A5xD6g4T,Ruud C.,Mochizuki S.,2,2,ou,2.50,over,ft,2.467,3
A5xD6g4T,Ruud C.,Mochizuki S.,2,2,ou,2.50,under,ft,1.56,3
A5xD6g4T,Ruud C.,Mochizuki S.,2,2,ou,17.50,over,ft,1.16,2
A5xD6g4T,Ruud C.,Mochizuki S.,2,2,ou,17.50,under,ft,4.3,2
A5xD6g4T,Ruud C.,Mochizuki S.,2,2,ou,18.50,over,ft,1.28,2
A5xD6g4T,Ruud C.,Mochizuki S.,2,2,ou,18.50,under,ft,3.24,2
A5xD6g4T,Ruud C.,Mochizuki S.,2,2,ou,19.00,over,ft,1.33,2
A5xD6g4T,Ruud C.,Mochizuki S.,2,2,ou,19.00,under,ft,2.93,2
A5xD6g4T,Ruud C.,Mochizuki S.,2,2,ou,19.50,over,ft,1.45,2
A5xD6g4T,Ruud C.,Mochizuki S.,2,2,ou,19.50,under,ft,2.52,2
A5xD6g4T,Ruud C.,Mochizuki S.,2,2,ou,20.00,over,ft,1.52,2
A5xD6g4T,Ruud C.,Mochizuki S.,2,2,ou,20.00,under,ft,2.38,2
A5xD6g4T,Ruud C.,Mochizuki S.,2,2,ou,20.50,over,ft,1.64,7
A5xD6g4T,Ruud C.,Mochizuki S.,2,2,ou,20.50,under,ft,2.166,7
A5xD6g4T,Ruud C.,Mochizuki S.,2,2,ou,21.00,over,ft,1.724,5
A5xD6g4T,Ruud C.,Mochizuki S.,2,2,ou,21.00,under,ft,2.096,5
A5xD6g4T,Ruud C.,Mochizuki S.,2,2,ou,21.50,over,ft,1.823,7
A5xD6g4T,Ruud C.,Mochizuki S.,2,2,ou,21.50,under,ft,1.971,7
A5xD6g4T,Ruud C.,Mochizuki S.,2,2,ou,22.00,over,ft,1.95,5
A5xD6g4T,Ruud C.,Mochizuki S.,2,2,ou,22.00,under,ft,1.842,5
A5xD6g4T,Ruud C.,Mochizuki S.,2,2,ou,22.50,over,ft,2.026,7
A5xD6g4T,Ruud C.,Mochizuki S.,2,2,ou,22.50,under,ft,1.769,7
A5xD6g4T,Ruud C.,Mochizuki S.,2,2,ou,23.00,over,ft,2.204,5
A5xD6g4T,Ruud C.,Mochizuki S.,2,2,ou,23.00,under,ft,1.644,5
A5xD6g4T,Ruud C.,Mochizuki S.,2,2,ou,23.50,over,ft,2.27,3
A5xD6g4T,Ruud C.,Mochizuki S.,2,2,ou,23.50,under,ft,1.563,3
A5xD6g4T,Ruud C.,Mochizuki S.,2,2,ou,24.00,over,ft,2.33,2
A5xD6g4T,Ruud C.,Mochizuki S.,2,2,ou,24.00,under,ft,1.51,2
A5xD6g4T,Ruud C.,Mochizuki S.,2,2,ou,24.50,over,ft,2.387,3
A5xD6g4T,Ruud C.,Mochizuki S.,2,2,ou,24.50,under,ft,1.497,3
A5xD6g4T,Ruud C.,Mochizuki S.,2,2,ou,25.50,over,ft,2.73,2
A5xD6g4T,Ruud C.,Mochizuki S.,2,2,ou,25.50,under,ft,1.38,2
A5xD6g4T,Ruud C.,Mochizuki S.,2,2,ou,26.50,over,ft,3.037,3
A5xD6g4T,Ruud C.,Mochizuki S.,2,2,ou,26.50,under,ft,1.317,3
A5xD6g4T,Ruud C.,Mochizuki S.,2,2,hc,1.50,home,ft,1.15,4
A5xD6g4T,Ruud C.,Mochizuki S.,2,2,hc,1.50,away,ft,5.367,4
A5xD6g4T,Ruud C.,Mochizuki S.,2,2,hc,-1.50,home,ft,1.998,6
A5xD6g4T,Ruud C.,Mochizuki S.,2,2,hc,-1.50,away,ft,1.772,6
A5xD6g4T,Ruud C.,Mochizuki S.,2,2,hc,0,home,ft,1.25,2
A5xD6g4T,Ruud C.,Mochizuki S.,2,2,hc,0,away,ft,3.44,2
A5xD6g4T,Ruud C.,Mochizuki S.,2,2,hc,-1.00,home,ft,1.4,2
A5xD6g4T,Ruud C.,Mochizuki S.,2,2,hc,-1.00,away,ft,2.82,2
A5xD6g4T,Ruud C.,Mochizuki S.,2,2,hc,1.50,home,ft,1.19,2
A5xD6g4T,Ruud C.,Mochizuki S.,2,2,hc,1.50,away,ft,3.92,2
A5xD6g4T,Ruud C.,Mochizuki S.,2,2,hc,-1.50,home,ft,1.44,2
A5xD6g4T,Ruud C.,Mochizuki S.,2,2,hc,-1.50,away,ft,2.67,2
A5xD6g4T,Ruud C.,Mochizuki S.,2,2,hc,-2.00,home,ft,1.485,2
A5xD6g4T,Ruud C.,Mochizuki S.,2,2,hc,-2.00,away,ft,2.53,2
A5xD6g4T,Ruud C.,Mochizuki S.,2,2,hc,-2.50,home,ft,1.574,5
A5xD6g4T,Ruud C.,Mochizuki S.,2,2,hc,-2.50,away,ft,2.362,5
A5xD6g4T,Ruud C.,Mochizuki S.,2,2,hc,-3.00,home,ft,1.67,4
A5xD6g4T,Ruud C.,Mochizuki S.,2,2,hc,-3.00,away,ft,2.188,4
A5xD6g4T,Ruud C.,Mochizuki S.,2,2,hc,-3.50,home,ft,1.847,6
A5xD6g4T,Ruud C.,Mochizuki S.,2,2,hc,-3.50,away,ft,1.952,6
A5xD6g4T,Ruud C.,Mochizuki S.,2,2,hc,-4.00,home,ft,2.007,4
A5xD6g4T,Ruud C.,Mochizuki S.,2,2,hc,-4.00,away,ft,1.8,4
A5xD6g4T,Ruud C.,Mochizuki S.,2,2,hc,-4.50,home,ft,2.22,5
A5xD6g4T,Ruud C.,Mochizuki S.,2,2,hc,-4.50,away,ft,1.648,5
A5xD6g4T,Ruud C.,Mochizuki S.,2,2,hc,-5.00,home,ft,2.647,4
A5xD6g4T,Ruud C.,Mochizuki S.,2,2,hc,-5.00,away,ft,1.475,4
A5xD6g4T,Ruud C.,Mochizuki S.,2,2,hc,-5.50,home,ft,2.795,6
A5xD6g4T,Ruud C.,Mochizuki S.,2,2,hc,-5.50,away,ft,1.418,6
A5xD6g4T,Ruud C.,Mochizuki S.,2,2,hc,-6.00,home,ft,4.15,2
A5xD6g4T,Ruud C.,Mochizuki S.,2,2,hc,-6.00,away,ft,1.21,2
A5xD6g4T,Ruud C.,Mochizuki S.,2,2,hc,-6.50,home,ft,4.3,2
A5xD6g4T,Ruud C.,Mochizuki S.,2,2,hc,-6.50,away,ft,1.16,2
A5xD6g4T,Ruud C.,Mochizuki S.,2,2,hc,-7.00,home,ft,6.4,2
A5xD6g4T,Ruud C.,Mochizuki S.,2,2,hc,-7.00,away,ft,1.07,2
A5xD6g4T,Ruud C.,Mochizuki S.,2,2,hc,-7.50,home,ft,7.16,2
A5xD6g4T,Ruud C.,Mochizuki S.,2,2,hc,-7.50,away,ft,1.05,2
A5xD6g4T,Ruud C.,Mochizuki S.,2,2,hc,-8.50,home,ft,8.8,2
A5xD6g4T,Ruud C.,Mochizuki S.,2,2,hc,-8.50,away,ft,1.02,2
ra4Hf6eK,Michelsen A.,Quinn E.,0,0,ou,2.50,over,ft,2.243,3
ra4Hf6eK,Michelsen A.,Quinn E.,0,0,ou,2.50,under,ft,1.673,3
ra4Hf6eK,Michelsen A.,Quinn E.,0,0,ou,20.00,over,ft,1.27,2
ra4Hf6eK,Michelsen A.,Quinn E.,0,0,ou,20.00,under,ft,3.28,2
ra4Hf6eK,Michelsen A.,Quinn E.,0,0,ou,20.50,over,ft,1.38,3
ra4Hf6eK,Michelsen A.,Quinn E.,0,0,ou,20.50,under,ft,2.79,3
ra4Hf6eK,Michelsen A.,Quinn E.,0,0,ou,21.00,over,ft,1.56,2
ra4Hf6eK,Michelsen A.,Quinn E.,0,0,ou,21.00,under,ft,2.43,2
ra4Hf6eK,Michelsen A.,Quinn E.,0,0,ou,21.50,over,ft,1.611,7
ra4Hf6eK,Michelsen A.,Quinn E.,0,0,ou,21.50,under,ft,2.289,7
ra4Hf6eK,Michelsen A.,Quinn E.,0,0,ou,22.00,over,ft,1.68,5
ra4Hf6eK,Michelsen A.,Quinn E.,0,0,ou,22.00,under,ft,2.208,5
ra4Hf6eK,Michelsen A.,Quinn E.,0,0,ou,22.50,over,ft,1.807,7
ra4Hf6eK,Michelsen A.,Quinn E.,0,0,ou,22.50,under,ft,1.983,7
ra4Hf6eK,Michelsen A.,Quinn E.,0,0,ou,23.00,over,ft,1.936,5
ra4Hf6eK,Michelsen A.,Quinn E.,0,0,ou,23.00,under,ft,1.884,5
ra4Hf6eK,Michelsen A.,Quinn E.,0,0,ou,23.50,over,ft,2.049,7
ra4Hf6eK,Michelsen A.,Quinn E.,0,0,ou,23.50,under,ft,1.743,7
ra4Hf6eK,Michelsen A.,Quinn E.,0,0,ou,24.00,over,ft,2.088,5
ra4Hf6eK,Michelsen A.,Quinn E.,0,0,ou,24.00,under,ft,1.75,5
ra4Hf6eK,Michelsen A.,Quinn E.,0,0,ou,24.50,over,ft,2.135,4
ra4Hf6eK,Michelsen A.,Quinn E.,0,0,ou,24.50,under,ft,1.667,4
ra4Hf6eK,Michelsen A.,Quinn E.,0,0,ou,25.00,over,ft,2.34,2
ra4Hf6eK,Michelsen A.,Quinn E.,0,0,ou,25.00,under,ft,1.6,2
ra4Hf6eK,Michelsen A.,Quinn E.,0,0,ou,25.50,over,ft,2.15,2
ra4Hf6eK,Michelsen A.,Quinn E.,0,0,ou,25.50,under,ft,1.61,2
ra4Hf6eK,Michelsen A.,Quinn E.,0,0,ou,26.00,over,ft,2.3,2
ra4Hf6eK,Michelsen A.,Quinn E.,0,0,ou,26.00,under,ft,1.52,2
ra4Hf6eK,Michelsen A.,Quinn E.,0,0,ou,26.50,over,ft,2.45,1
ra4Hf6eK,Michelsen A.,Quinn E.,0,0,ou,26.50,under,ft,1.47,1
ra4Hf6eK,Michelsen A.,Quinn E.,0,0,hc,1.50,home,ft,1.27,4
ra4Hf6eK,Michelsen A.,Quinn E.,0,0,hc,1.50,away,ft,3.697,4
ra4Hf6eK,Michelsen A.,Quinn E.,0,0,hc,-1.50,home,ft,2.688,6
ra4Hf6eK,Michelsen A.,Quinn E.,0,0,hc,-1.50,away,ft,1.443,6
ra4Hf6eK,Michelsen A.,Quinn E.,0,0,hc,0,home,ft,1.62,2
ra4Hf6eK,Michelsen A.,Quinn E.,0,0,hc,0,away,ft,2.31,2
ra4Hf6eK,Michelsen A.,Quinn E.,0,0,hc,12.50,home,ft,2.08,1
ra4Hf6eK,Michelsen A.,Quinn E.,0,0,hc,12.50,away,ft,1.92,1
ra4Hf6eK,Michelsen A.,Quinn E.,0,0,hc,0.50,home,ft,1.56,2
ra4Hf6eK,Michelsen A.,Quinn E.,0,0,hc,0.50,away,ft,2.22,2
ra4Hf6eK,Michelsen A.,Quinn E.,0,0,hc,-0.50,home,ft,1.705,6
ra4Hf6eK,Michelsen A.,Quinn E.,0,0,hc,-0.50,away,ft,2.137,6
ra4Hf6eK,Michelsen A.,Quinn E.,0,0,hc,1.00,home,ft,1.5,2
ra4Hf6eK,Michelsen A.,Quinn E.,0,0,hc,1.00,away,ft,2.36,2
ra4Hf6eK,Michelsen A.,Quinn E.,0,0,hc,-1.00,home,ft,1.8,4
ra4Hf6eK,Michelsen A.,Quinn E.,0,0,hc,-1.00,away,ft,2.05,4
ra4Hf6eK,Michelsen A.,Quinn E.,0,0,hc,1.50,home,ft,1.44,2
ra4Hf6eK,Michelsen A.,Quinn E.,0,0,hc,1.50,away,ft,2.5,2
ra4Hf6eK,Michelsen A.,Quinn E.,0,0,hc,-1.50,home,ft,1.833,6
ra4Hf6eK,Michelsen A.,Quinn E.,0,0,hc,-1.50,away,ft,1.968,6
ra4Hf6eK,Michelsen A.,Quinn E.,0,0,hc,2.00,home,ft,1.39,2
ra4Hf6eK,Michelsen A.,Quinn E.,0,0,hc,2.00,away,ft,2.69,2
ra4Hf6eK,Michelsen A.,Quinn E.,0,0,hc,-2.00,home,ft,1.98,4
ra4Hf6eK,Michelsen A.,Quinn E.,0,0,hc,-2.00,away,ft,1.85,4
ra4Hf6eK,Michelsen A.,Quinn E.,0,0,hc,-2.50,home,ft,2.05,6
ra4Hf6eK,Michelsen A.,Quinn E.,0,0,hc,-2.50,away,ft,1.765,6
ra4Hf6eK,Michelsen A.,Quinn E.,0,0,hc,-3.00,home,ft,2.292,4
ra4Hf6eK,Michelsen A.,Quinn E.,0,0,hc,-3.00,away,ft,1.635,4
ra4Hf6eK,Michelsen A.,Quinn E.,0,0,hc,-3.50,home,ft,2.412,6
ra4Hf6eK,Michelsen A.,Quinn E.,0,0,hc,-3.50,away,ft,1.563,6
ra4Hf6eK,Michelsen A.,Quinn E.,0,0,hc,-4.00,home,ft,2.895,2
ra4Hf6eK,Michelsen A.,Quinn E.,0,0,hc,-4.00,away,ft,1.42,2
ra4Hf6eK,Michelsen A.,Quinn E.,0,0,hc,-4.50,home,ft,3.4,2
ra4Hf6eK,Michelsen A.,Quinn E.,0,0,hc,-4.50,away,ft,1.25,2
ra4Hf6eK,Michelsen A.,Quinn E.,0,0,hc,-5.00,home,ft,4.84,2
ra4Hf6eK,Michelsen A.,Quinn E.,0,0,hc,-5.00,away,ft,1.13,2
tQpdAy54,Thompson J.,Nakashima B.,1,1,ou,2.50,over,ft,2.297,3
tQpdAy54,Thompson J.,Nakashima B.,1,1,ou,2.50,under,ft,1.643,3
tQpdAy54,Thompson J.,Nakashima B.,1,1,ou,18.50,over,ft,1.19,2
tQpdAy54,Thompson J.,Nakashima B.,1,1,ou,18.50,under,ft,3.92,2
tQpdAy54,Thompson J.,Nakashima B.,1,1,ou,19.50,over,ft,1.25,2
tQpdAy54,Thompson J.,Nakashima B.,1,1,ou,19.50,under,ft,3.44,2
tQpdAy54,Thompson J.,Nakashima B.,1,1,ou,20.00,over,ft,1.25,2
tQpdAy54,Thompson J.,Nakashima B.,1,1,ou,20.00,under,ft,3.42,2
tQpdAy54,Thompson J.,Nakashima B.,1,1,ou,20.50,over,ft,1.35,3
tQpdAy54,Thompson J.,Nakashima B.,1,1,ou,20.50,under,ft,2.983,3
tQpdAy54,Thompson J.,Nakashima B.,1,1,ou,21.00,over,ft,1.4,2
tQpdAy54,Thompson J.,Nakashima B.,1,1,ou,21.00,under,ft,2.95,2
tQpdAy54,Thompson J.,Nakashima B.,1,1,ou,21.50,over,ft,1.512,4
tQpdAy54,Thompson J.,Nakashima B.,1,1,ou,21.50,under,ft,2.495,4
tQpdAy54,Thompson J.,Nakashima B.,1,1,ou,22.00,over,ft,1.566,5
tQpdAy54,Thompson J.,Nakashima B.,1,1,ou,22.00,under,ft,2.428,5
tQpdAy54,Thompson J.,Nakashima B.,1,1,ou,22.50,over,ft,1.71,7
tQpdAy54,Thompson J.,Nakashima B.,1,1,ou,22.50,under,ft,2.091,7
tQpdAy54,Thompson J.,Nakashima B.,1,1,ou,23.00,over,ft,1.852,5
tQpdAy54,Thompson J.,Nakashima B.,1,1,ou,23.00,under,ft,1.96,5
tQpdAy54,Thompson J.,Nakashima B.,1,1,ou,23.50,over,ft,1.984,7
tQpdAy54,Thompson J.,Nakashima B.,1,1,ou,23.50,under,ft,1.816,7
tQpdAy54,Thompson J.,Nakashima B.,1,1,ou,24.00,over,ft,2.024,5
tQpdAy54,Thompson J.,Nakashima B.,1,1,ou,24.00,under,ft,1.796,5
tQpdAy54,Thompson J.,Nakashima B.,1,1,ou,24.50,over,ft,2.017,7
tQpdAy54,Thompson J.,Nakashima B.,1,1,ou,24.50,under,ft,1.77,7
tQpdAy54,Thompson J.,Nakashima B.,1,1,ou,25.00,over,ft,2.17,2
tQpdAy54,Thompson J.,Nakashima B.,1,1,ou,25.00,under,ft,1.7,2
tQpdAy54,Thompson J.,Nakashima B.,1,1,ou,25.50,over,ft,2.23,2
tQpdAy54,Thompson J.,Nakashima B.,1,1,ou,25.50,under,ft,1.66,2
tQpdAy54,Thompson J.,Nakashima B.,1,1,ou,26.00,over,ft,2.43,2
tQpdAy54,Thompson J.,Nakashima B.,1,1,ou,26.00,under,ft,1.56,2
tQpdAy54,Thompson J.,Nakashima B.,1,1,ou,26.50,over,ft,2.445,4
tQpdAy54,Thompson J.,Nakashima B.,1,1,ou,26.50,under,ft,1.492,4
tQpdAy54,Thompson J.,Nakashima B.,1,1,ou,27.50,over,ft,2.64,2
tQpdAy54,Thompson J.,Nakashima B.,1,1,ou,27.50,under,ft,1.4,2
tQpdAy54,Thompson J.,Nakashima B.,1,1,ou,28.50,over,ft,2.76,2
tQpdAy54,Thompson J.,Nakashima B.,1,1,ou,28.50,under,ft,1.42,2
tQpdAy54,Thompson J.,Nakashima B.,1,1,hc,1.50,home,ft,1.638,6
tQpdAy54,Thompson J.,Nakashima B.,1,1,hc,1.50,away,ft,2.207,6
tQpdAy54,Thompson J.,Nakashima B.,1,1,hc,-1.50,home,ft,5.027,4
tQpdAy54,Thompson J.,Nakashima B.,1,1,hc,-1.50,away,ft,1.165,4
tQpdAy54,Thompson J.,Nakashima B.,1,1,hc,0,home,ft,3.09,2
tQpdAy54,Thompson J.,Nakashima B.,1,1,hc,0,away,ft,1.37,2
tQpdAy54,Thompson J.,Nakashima B.,1,1,hc,0.50,home,ft,2.855,2
tQpdAy54,Thompson J.,Nakashima B.,1,1,hc,0.50,away,ft,1.43,2
tQpdAy54,Thompson J.,Nakashima B.,1,1,hc,1.00,home,ft,2.7,2
tQpdAy54,Thompson J.,Nakashima B.,1,1,hc,1.00,away,ft,1.46,2
tQpdAy54,Thompson J.,Nakashima B.,1,1,hc,1.50,home,ft,2.427,6
tQpdAy54,Thompson J.,Nakashima B.,1,1,hc,1.50,away,ft,1.55,6
tQpdAy54,Thompson J.,Nakashima B.,1,1,hc,-1.50,home,ft,3.253,3
tQpdAy54,Thompson J.,Nakashima B.,1,1,hc,-1.50,away,ft,1.293,3
tQpdAy54,Thompson J.,Nakashima B.,1,1,hc,2.00,home,ft,2.288,4
tQpdAy54,Thompson J.,Nakashima B.,1,1,hc,2.00,away,ft,1.645,4
tQpdAy54,Thompson J.,Nakashima B.,1,1,hc,2.50,home,ft,2.063,6
tQpdAy54,Thompson J.,Nakashima B.,1,1,hc,2.50,away,ft,1.757,6
tQpdAy54,Thompson J.,Nakashima B.,1,1,hc,-2.50,home,ft,2.92,2
tQpdAy54,Thompson J.,Nakashima B.,1,1,hc,-2.50,away,ft,1.33,2
tQpdAy54,Thompson J.,Nakashima B.,1,1,hc,3.00,home,ft,1.845,4
tQpdAy54,Thompson J.,Nakashima B.,1,1,hc,3.00,away,ft,1.987,4
tQpdAy54,Thompson J.,Nakashima B.,1,1,hc,3.50,home,ft,1.655,6
tQpdAy54,Thompson J.,Nakashima B.,1,1,hc,3.50,away,ft,2.208,6
tQpdAy54,Thompson J.,Nakashima B.,1,1,hc,4.00,home,ft,1.452,4
tQpdAy54,Thompson J.,Nakashima B.,1,1,hc,4.00,away,ft,2.787,4
tQpdAy54,Thompson J.,Nakashima B.,1,1,hc,4.50,home,ft,1.377,4
tQpdAy54,Thompson J.,Nakashima B.,1,1,hc,4.50,away,ft,2.992,4
tQpdAy54,Thompson J.,Nakashima B.,1,1,hc,5.00,home,ft,1.17,2
tQpdAy54,Thompson J.,Nakashima B.,1,1,hc,5.00,away,ft,5.15,2
tQpdAy54,Thompson J.,Nakashima B.,1,1,hc,5.50,home,ft,1.157,3
tQpdAy54,Thompson J.,Nakashima B.,1,1,hc,5.50,away,ft,4.67,3
tQpdAy54,Thompson J.,Nakashima B.,1,1,hc,6.00,home,ft,1.07,2
tQpdAy54,Thompson J.,Nakashima B.,1,1,hc,6.00,away,ft,7.3,2
tQpdAy54,Thompson J.,Nakashima B.,1,1,hc,6.50,home,ft,1.04,2
tQpdAy54,Thompson J.,Nakashima B.,1,1,hc,6.50,away,ft,7.5,2
tQpdAy54,Thompson J.,Nakashima B.,1,1,hc,7.50,away,ft,9.7,2
8Od3o2I6,Dzumhur D.,Vukic A.,1,1,ou,2.50,over,ft,2.38,3
8Od3o2I6,Dzumhur D.,Vukic A.,1,1,ou,2.50,under,ft,1.607,3
8Od3o2I6,Dzumhur D.,Vukic A.,1,1,ou,18.50,over,ft,1.2,1
8Od3o2I6,Dzumhur D.,Vukic A.,1,1,ou,18.50,under,ft,4.48,1
8Od3o2I6,Dzumhur D.,Vukic A.,1,1,ou,19.50,over,ft,1.29,2
8Od3o2I6,Dzumhur D.,Vukic A.,1,1,ou,19.50,under,ft,3.13,2
8Od3o2I6,Dzumhur D.,Vukic A.,1,1,ou,20.00,over,ft,1.33,2
8Od3o2I6,Dzumhur D.,Vukic A.,1,1,ou,20.00,under,ft,2.94,2
8Od3o2I6,Dzumhur D.,Vukic A.,1,1,ou,20.50,over,ft,1.505,4
8Od3o2I6,Dzumhur D.,Vukic A.,1,1,ou,20.50,under,ft,2.535,4
8Od3o2I6,Dzumhur D.,Vukic A.,1,1,ou,21.00,over,ft,1.5,2
8Od3o2I6,Dzumhur D.,Vukic A.,1,1,ou,21.00,under,ft,2.42,2
8Od3o2I6,Dzumhur D.,Vukic A.,1,1,ou,21.50,over,ft,1.637,6
8Od3o2I6,Dzumhur D.,Vukic A.,1,1,ou,21.50,under,ft,2.255,6
8Od3o2I6,Dzumhur D.,Vukic A.,1,1,ou,22.00,over,ft,1.726,5
8Od3o2I6,Dzumhur D.,Vukic A.,1,1,ou,22.00,under,ft,2.09,5
8Od3o2I6,Dzumhur D.,Vukic A.,1,1,ou,22.50,over,ft,1.882,6
8Od3o2I6,Dzumhur D.,Vukic A.,1,1,ou,22.50,under,ft,1.928,6
8Od3o2I6,Dzumhur D.,Vukic A.,1,1,ou,23.00,over,ft,1.988,5
8Od3o2I6,Dzumhur D.,Vukic A.,1,1,ou,23.00,under,ft,1.802,5
8Od3o2I6,Dzumhur D.,Vukic A.,1,1,ou,23.50,over,ft,2.132,6
8Od3o2I6,Dzumhur D.,Vukic A.,1,1,ou,23.50,under,ft,1.707,6
8Od3o2I6,Dzumhur D.,Vukic A.,1,1,ou,24.00,over,ft,2.11,2
8Od3o2I6,Dzumhur D.,Vukic A.,1,1,ou,24.00,under,ft,1.65,2
8Od3o2I6,Dzumhur D.,Vukic A.,1,1,ou,24.50,over,ft,2.228,4
8Od3o2I6,Dzumhur D.,Vukic A.,1,1,ou,24.50,under,ft,1.64,4
8Od3o2I6,Dzumhur D.,Vukic A.,1,1,ou,25.00,over,ft,2.2,2
8Od3o2I6,Dzumhur D.,Vukic A.,1,1,ou,25.00,under,ft,1.57,2
8Od3o2I6,Dzumhur D.,Vukic A.,1,1,ou,25.50,over,ft,2.28,2
8Od3o2I6,Dzumhur D.,Vukic A.,1,1,ou,25.50,under,ft,1.53,2
8Od3o2I6,Dzumhur D.,Vukic A.,1,1,ou,26.50,over,ft,2.587,4
8Od3o2I6,Dzumhur D.,Vukic A.,1,1,ou,26.50,under,ft,1.445,4
8Od3o2I6,Dzumhur D.,Vukic A.,1,1,ou,27.50,over,ft,2.84,2
8Od3o2I6,Dzumhur D.,Vukic A.,1,1,ou,27.50,under,ft,1.35,2
8Od3o2I6,Dzumhur D.,Vukic A.,1,1,hc,1.50,home,ft,1.56,5
8Od3o2I6,Dzumhur D.,Vukic A.,1,1,hc,1.50,away,ft,2.354,5
8Od3o2I6,Dzumhur D.,Vukic A.,1,1,hc,-1.50,home,ft,4.535,4
8Od3o2I6,Dzumhur D.,Vukic A.,1,1,hc,-1.50,away,ft,1.188,4
8Od3o2I6,Dzumhur D.,Vukic A.,1,1,hc,0,home,ft,2.41,2
8Od3o2I6,Dzumhur D.,Vukic A.,1,1,hc,0,away,ft,1.48,2
8Od3o2I6,Dzumhur D.,Vukic A.,1,1,hc,0.50,home,ft,2.49,2
8Od3o2I6,Dzumhur D.,Vukic A.,1,1,hc,0.50,away,ft,1.5,2
8Od3o2I6,Dzumhur D.,Vukic A.,1,1,hc,1.00,home,ft,2.35,2
8Od3o2I6,Dzumhur D.,Vukic A.,1,1,hc,1.00,away,ft,1.6,2
8Od3o2I6,Dzumhur D.,Vukic A.,1,1,hc,1.50,home,ft,2.184,5
8Od3o2I6,Dzumhur D.,Vukic A.,1,1,hc,1.50,away,ft,1.682,5
8Od3o2I6,Dzumhur D.,Vukic A.,1,1,hc,-1.50,home,ft,2.97,1
8Od3o2I6,Dzumhur D.,Vukic A.,1,1,hc,-1.50,away,ft,1.39,1
8Od3o2I6,Dzumhur D.,Vukic A.,1,1,hc,2.00,home,ft,2.09,4
8Od3o2I6,Dzumhur D.,Vukic A.,1,1,hc,2.00,away,ft,1.76,4
8Od3o2I6,Dzumhur D.,Vukic A.,1,1,hc,2.50,home,ft,1.965,4
8Od3o2I6,Dzumhur D.,Vukic A.,1,1,hc,2.50,away,ft,1.873,4
8Od3o2I6,Dzumhur D.,Vukic A.,1,1,hc,3.00,home,ft,1.8,4
8Od3o2I6,Dzumhur D.,Vukic A.,1,1,hc,3.00,away,ft,2.04,4
8Od3o2I6,Dzumhur D.,Vukic A.,1,1,hc,3.50,home,ft,1.652,5
8Od3o2I6,Dzumhur D.,Vukic A.,1,1,hc,3.50,away,ft,2.238,5
8Od3o2I6,Dzumhur D.,Vukic A.,1,1,hc,-3.50,home,ft,4.38,1
8Od3o2I6,Dzumhur D.,Vukic A.,1,1,hc,-3.50,away,ft,1.21,1
8Od3o2I6,Dzumhur D.,Vukic A.,1,1,hc,4.00,home,ft,1.525,4
8Od3o2I6,Dzumhur D.,Vukic A.,1,1,hc,4.00,away,ft,2.558,4
8Od3o2I6,Dzumhur D.,Vukic A.,1,1,hc,4.50,home,ft,1.43,2
8Od3o2I6,Dzumhur D.,Vukic A.,1,1,hc,4.50,away,ft,2.855,2
8Od3o2I6,Dzumhur D.,Vukic A.,1,1,hc,5.00,home,ft,1.26,2
8Od3o2I6,Dzumhur D.,Vukic A.,1,1,hc,5.00,away,ft,3.82,2
8Od3o2I6,Dzumhur D.,Vukic A.,1,1,hc,5.50,home,ft,1.213,3
8Od3o2I6,Dzumhur D.,Vukic A.,1,1,hc,5.50,away,ft,4.157,3
8Od3o2I6,Dzumhur D.,Vukic A.,1,1,hc,6.00,home,ft,1.11,2
8Od3o2I6,Dzumhur D.,Vukic A.,1,1,hc,6.00,away,ft,5.95,2
KdHEcbLb,Diallo G.,Fritz T.,1,1,ou,2.50,over,ft,2.497,3
KdHEcbLb,Diallo G.,Fritz T.,1,1,ou,2.50,under,ft,1.55,3
KdHEcbLb,Diallo G.,Fritz T.,1,1,ou,18.50,over,ft,1.19,2
KdHEcbLb,Diallo G.,Fritz T.,1,1,ou,18.50,under,ft,3.92,2
KdHEcbLb,Diallo G.,Fritz T.,1,1,ou,19.50,over,ft,1.19,2
KdHEcbLb,Diallo G.,Fritz T.,1,1,ou,19.50,under,ft,3.92,2
KdHEcbLb,Diallo G.,Fritz T.,1,1,ou,20.00,over,ft,1.22,2
KdHEcbLb,Diallo G.,Fritz T.,1,1,ou,20.00,under,ft,3.68,2
KdHEcbLb,Diallo G.,Fritz T.,1,1,ou,20.50,over,ft,1.31,3
KdHEcbLb,Diallo G.,Fritz T.,1,1,ou,20.50,under,ft,3.143,3
KdHEcbLb,Diallo G.,Fritz T.,1,1,ou,21.00,over,ft,1.34,2
KdHEcbLb,Diallo G.,Fritz T.,1,1,ou,21.00,under,ft,2.89,2
KdHEcbLb,Diallo G.,Fritz T.,1,1,ou,21.50,over,ft,1.501,7
KdHEcbLb,Diallo G.,Fritz T.,1,1,ou,21.50,under,ft,2.534,7
KdHEcbLb,Diallo G.,Fritz T.,1,1,ou,22.00,over,ft,1.54,5
KdHEcbLb,Diallo G.,Fritz T.,1,1,ou,22.00,under,ft,2.422,5
KdHEcbLb,Diallo G.,Fritz T.,1,1,ou,22.50,over,ft,1.726,7
KdHEcbLb,Diallo G.,Fritz T.,1,1,ou,22.50,under,ft,2.09,7
KdHEcbLb,Diallo G.,Fritz T.,1,1,ou,23.00,over,ft,1.866,5
KdHEcbLb,Diallo G.,Fritz T.,1,1,ou,23.00,under,ft,1.93,5
KdHEcbLb,Diallo G.,Fritz T.,1,1,ou,23.50,over,ft,2.033,7
KdHEcbLb,Diallo G.,Fritz T.,1,1,ou,23.50,under,ft,1.766,7
KdHEcbLb,Diallo G.,Fritz T.,1,1,ou,24.00,over,ft,2.058,5
KdHEcbLb,Diallo G.,Fritz T.,1,1,ou,24.00,under,ft,1.75,5
KdHEcbLb,Diallo G.,Fritz T.,1,1,ou,24.50,over,ft,2.068,5
KdHEcbLb,Diallo G.,Fritz T.,1,1,ou,24.50,under,ft,1.724,5
KdHEcbLb,Diallo G.,Fritz T.,1,1,ou,25.00,over,ft,2.11,2
KdHEcbLb,Diallo G.,Fritz T.,1,1,ou,25.00,under,ft,1.65,2
KdHEcbLb,Diallo G.,Fritz T.,1,1,ou,25.50,over,ft,2.22,2
KdHEcbLb,Diallo G.,Fritz T.,1,1,ou,25.50,under,ft,1.66,2
KdHEcbLb,Diallo G.,Fritz T.,1,1,ou,26.00,over,ft,2.38,2
KdHEcbLb,Diallo G.,Fritz T.,1,1,ou,26.00,under,ft,1.49,2
KdHEcbLb,Diallo G.,Fritz T.,1,1,ou,26.50,over,ft,2.542,4
KdHEcbLb,Diallo G.,Fritz T.,1,1,ou,26.50,under,ft,1.455,4
KdHEcbLb,Diallo G.,Fritz T.,1,1,ou,27.50,over,ft,2.64,2
KdHEcbLb,Diallo G.,Fritz T.,1,1,ou,27.50,under,ft,1.4,2
KdHEcbLb,Diallo G.,Fritz T.,1,1,ou,28.50,over,ft,2.913,4
KdHEcbLb,Diallo G.,Fritz T.,1,1,ou,28.50,under,ft,1.36,4
KdHEcbLb,Diallo G.,Fritz T.,1,1,hc,1.50,home,ft,1.865,6
KdHEcbLb,Diallo G.,Fritz T.,1,1,hc,1.50,away,ft,1.877,6
KdHEcbLb,Diallo G.,Fritz T.,1,1,hc,-1.50,home,ft,5.982,4
KdHEcbLb,Diallo G.,Fritz T.,1,1,hc,-1.50,away,ft,1.115,4
KdHEcbLb,Diallo G.,Fritz T.,1,1,hc,1.00,home,ft,3.15,2
KdHEcbLb,Diallo G.,Fritz T.,1,1,hc,1.00,away,ft,1.33,2
KdHEcbLb,Diallo G.,Fritz T.,1,1,hc,1.50,home,ft,2.897,3
KdHEcbLb,Diallo G.,Fritz T.,1,1,hc,1.50,away,ft,1.413,3
KdHEcbLb,Diallo G.,Fritz T.,1,1,hc,-1.50,home,ft,4.6,1
KdHEcbLb,Diallo G.,Fritz T.,1,1,hc,-1.50,away,ft,1.19,1
KdHEcbLb,Diallo G.,Fritz T.,1,1,hc,2.00,home,ft,2.672,4
KdHEcbLb,Diallo G.,Fritz T.,1,1,hc,2.00,away,ft,1.49,4
KdHEcbLb,Diallo G.,Fritz T.,1,1,hc,2.50,home,ft,2.285,6
KdHEcbLb,Diallo G.,Fritz T.,1,1,hc,2.50,away,ft,1.618,6
KdHEcbLb,Diallo G.,Fritz T.,1,1,hc,3.00,home,ft,1.978,4
KdHEcbLb,Diallo G.,Fritz T.,1,1,hc,3.00,away,ft,1.858,4
KdHEcbLb,Diallo G.,Fritz T.,1,1,hc,3.50,home,ft,1.686,5
KdHEcbLb,Diallo G.,Fritz T.,1,1,hc,3.50,away,ft,2.172,5
KdHEcbLb,Diallo G.,Fritz T.,1,1,hc,4.00,home,ft,1.468,4
KdHEcbLb,Diallo G.,Fritz T.,1,1,hc,4.00,away,ft,2.73,4
KdHEcbLb,Diallo G.,Fritz T.,1,1,hc,4.50,home,ft,1.38,6
KdHEcbLb,Diallo G.,Fritz T.,1,1,hc,4.50,away,ft,3.027,6
KdHEcbLb,Diallo G.,Fritz T.,1,1,hc,5.00,home,ft,1.17,2
KdHEcbLb,Diallo G.,Fritz T.,1,1,hc,5.00,away,ft,5.04,2
KdHEcbLb,Diallo G.,Fritz T.,1,1,hc,5.50,home,ft,1.147,3
KdHEcbLb,Diallo G.,Fritz T.,1,1,hc,5.50,away,ft,5.553,3
KdHEcbLb,Diallo G.,Fritz T.,1,1,hc,6.00,home,ft,1.05,2
KdHEcbLb,Diallo G.,Fritz T.,1,1,hc,6.00,away,ft,8.4,2
EsemkpJs,Machac T.,Shimabukuro S.,0,0,ou,2.50,over,ft,2.995,2
EsemkpJs,Machac T.,Shimabukuro S.,0,0,ou,2.50,under,ft,1.425,2
EsemkpJs,Machac T.,Shimabukuro S.,0,0,ou,18.50,over,ft,1.285,4
EsemkpJs,Machac T.,Shimabukuro S.,0,0,ou,18.50,under,ft,3.383,4
EsemkpJs,Machac T.,Shimabukuro S.,0,0,ou,19.00,over,ft,1.275,2
EsemkpJs,Machac T.,Shimabukuro S.,0,0,ou,19.00,under,ft,3.25,2
EsemkpJs,Machac T.,Shimabukuro S.,0,0,ou,19.50,over,ft,1.47,2
EsemkpJs,Machac T.,Shimabukuro S.,0,0,ou,19.50,under,ft,2.7,2
EsemkpJs,Machac T.,Shimabukuro S.,0,0,ou,20.00,over,ft,1.507,3
EsemkpJs,Machac T.,Shimabukuro S.,0,0,ou,20.00,under,ft,2.487,3
EsemkpJs,Machac T.,Shimabukuro S.,0,0,ou,20.50,over,ft,1.659,7
EsemkpJs,Machac T.,Shimabukuro S.,0,0,ou,20.50,under,ft,2.174,7
EsemkpJs,Machac T.,Shimabukuro S.,0,0,ou,21.00,over,ft,1.736,5
EsemkpJs,Machac T.,Shimabukuro S.,0,0,ou,21.00,under,ft,2.082,5
EsemkpJs,Machac T.,Shimabukuro S.,0,0,ou,21.50,over,ft,1.867,7
EsemkpJs,Machac T.,Shimabukuro S.,0,0,ou,21.50,under,ft,1.936,7
EsemkpJs,Machac T.,Shimabukuro S.,0,0,ou,22.00,over,ft,1.994,5
EsemkpJs,Machac T.,Shimabukuro S.,0,0,ou,22.00,under,ft,1.802,5
EsemkpJs,Machac T.,Shimabukuro S.,0,0,ou,22.50,over,ft,2.089,7
EsemkpJs,Machac T.,Shimabukuro S.,0,0,ou,22.50,under,ft,1.714,7
EsemkpJs,Machac T.,Shimabukuro S.,0,0,ou,23.00,over,ft,2.234,5
EsemkpJs,Machac T.,Shimabukuro S.,0,0,ou,23.00,under,ft,1.618,5
EsemkpJs,Machac T.,Shimabukuro S.,0,0,ou,23.50,over,ft,2.34,3
EsemkpJs,Machac T.,Shimabukuro S.,0,0,ou,23.50,under,ft,1.583,3
EsemkpJs,Machac T.,Shimabukuro S.,0,0,ou,24.00,over,ft,2.28,2
EsemkpJs,Machac T.,Shimabukuro S.,0,0,ou,24.00,under,ft,1.53,2
EsemkpJs,Machac T.,Shimabukuro S.,0,0,ou,24.50,over,ft,2.652,4
EsemkpJs,Machac T.,Shimabukuro S.,0,0,ou,24.50,under,ft,1.435,4
EsemkpJs,Machac T.,Shimabukuro S.,0,0,ou,25.00,over,ft,2.4,2
EsemkpJs,Machac T.,Shimabukuro S.,0,0,ou,25.00,under,ft,1.48,2
EsemkpJs,Machac T.,Shimabukuro S.,0,0,ou,25.50,over,ft,2.93,2
EsemkpJs,Machac T.,Shimabukuro S.,0,0,ou,25.50,under,ft,1.33,2
EsemkpJs,Machac T.,Shimabukuro S.,0,0,ou,26.50,over,ft,3.42,2
EsemkpJs,Machac T.,Shimabukuro S.,0,0,ou,26.50,under,ft,1.25,2
EsemkpJs,Machac T.,Shimabukuro S.,0,0,hc,1.50,home,ft,1.113,4
EsemkpJs,Machac T.,Shimabukuro S.,0,0,hc,1.50,away,ft,6.09,4
EsemkpJs,Machac T.,Shimabukuro S.,0,0,hc,-1.50,home,ft,1.785,6
EsemkpJs,Machac T.,Shimabukuro S.,0,0,hc,-1.50,away,ft,1.968,6
EsemkpJs,Machac T.,Shimabukuro S.,0,0,hc,-1.00,home,ft,1.33,2
EsemkpJs,Machac T.,Shimabukuro S.,0,0,hc,-1.00,away,ft,3.15,2
EsemkpJs,Machac T.,Shimabukuro S.,0,0,hc,1.50,home,ft,1.21,2
EsemkpJs,Machac T.,Shimabukuro S.,0,0,hc,1.50,away,ft,4.405,2
EsemkpJs,Machac T.,Shimabukuro S.,0,0,hc,-1.50,home,ft,1.36,4
EsemkpJs,Machac T.,Shimabukuro S.,0,0,hc,-1.50,away,ft,3.123,4
EsemkpJs,Machac T.,Shimabukuro S.,0,0,hc,-2.00,home,ft,1.43,2
EsemkpJs,Machac T.,Shimabukuro S.,0,0,hc,-2.00,away,ft,2.855,2
EsemkpJs,Machac T.,Shimabukuro S.,0,0,hc,-2.50,home,ft,1.503,6
EsemkpJs,Machac T.,Shimabukuro S.,0,0,hc,-2.50,away,ft,2.557,6
EsemkpJs,Machac T.,Shimabukuro S.,0,0,hc,-3.00,home,ft,1.573,4
EsemkpJs,Machac T.,Shimabukuro S.,0,0,hc,-3.00,away,ft,2.442,4
EsemkpJs,Machac T.,Shimabukuro S.,0,0,hc,-3.50,home,ft,1.766,5
EsemkpJs,Machac T.,Shimabukuro S.,0,0,hc,-3.50,away,ft,2.052,5
EsemkpJs,Machac T.,Shimabukuro S.,0,0,hc,-4.00,home,ft,1.945,4
EsemkpJs,Machac T.,Shimabukuro S.,0,0,hc,-4.00,away,ft,1.885,4
EsemkpJs,Machac T.,Shimabukuro S.,0,0,hc,-4.50,home,ft,2.197,6
EsemkpJs,Machac T.,Shimabukuro S.,0,0,hc,-4.50,away,ft,1.665,6
EsemkpJs,Machac T.,Shimabukuro S.,0,0,hc,-5.00,home,ft,2.742,4
EsemkpJs,Machac T.,Shimabukuro S.,0,0,hc,-5.00,away,ft,1.465,4
EsemkpJs,Machac T.,Shimabukuro S.,0,0,hc,-5.50,home,ft,3.032,5
EsemkpJs,Machac T.,Shimabukuro S.,0,0,hc,-5.50,away,ft,1.374,5
EsemkpJs,Machac T.,Shimabukuro S.,0,0,hc,-6.00,home,ft,4.55,2
EsemkpJs,Machac T.,Shimabukuro S.,0,0,hc,-6.00,away,ft,1.18,2
EsemkpJs,Machac T.,Shimabukuro S.,0,0,hc,-6.50,home,ft,4.21,2
EsemkpJs,Machac T.,Shimabukuro S.,0,0,hc,-6.50,away,ft,1.17,2
EsemkpJs,Machac T.,Shimabukuro S.,0,0,hc,-7.00,home,ft,6.69,2
EsemkpJs,Machac T.,Shimabukuro S.,0,0,hc,-7.00,away,ft,1.06,2
CWD6aKjn,Humbert U.,Brooksby J.,0,0,ou,2.50,over,ft,2.387,3
CWD6aKjn,Humbert U.,Brooksby J.,0,0,ou,2.50,under,ft,1.597,3
CWD6aKjn,Humbert U.,Brooksby J.,0,0,ou,19.50,over,ft,1.3,2
CWD6aKjn,Humbert U.,Brooksby J.,0,0,ou,19.50,under,ft,3.12,2
CWD6aKjn,Humbert U.,Brooksby J.,0,0,ou,20.00,over,ft,1.4,2
CWD6aKjn,Humbert U.,Brooksby J.,0,0,ou,20.00,under,ft,2.81,2
CWD6aKjn,Humbert U.,Brooksby J.,0,0,ou,20.50,over,ft,1.503,3
CWD6aKjn,Humbert U.,Brooksby J.,0,0,ou,20.50,under,ft,2.467,3
CWD6aKjn,Humbert U.,Brooksby J.,0,0,ou,21.00,over,ft,1.593,3
CWD6aKjn,Humbert U.,Brooksby J.,0,0,ou,21.00,under,ft,2.313,3
CWD6aKjn,Humbert U.,Brooksby J.,0,0,ou,21.50,over,ft,1.669,7
CWD6aKjn,Humbert U.,Brooksby J.,0,0,ou,21.50,under,ft,2.151,7
CWD6aKjn,Humbert U.,Brooksby J.,0,0,ou,22.00,over,ft,1.798,5
CWD6aKjn,Humbert U.,Brooksby J.,0,0,ou,22.00,under,ft,2.012,5
CWD6aKjn,Humbert U.,Brooksby J.,0,0,ou,22.50,over,ft,1.911,7
CWD6aKjn,Humbert U.,Brooksby J.,0,0,ou,22.50,under,ft,1.876,7
CWD6aKjn,Humbert U.,Brooksby J.,0,0,ou,23.00,over,ft,2.058,5
CWD6aKjn,Humbert U.,Brooksby J.,0,0,ou,23.00,under,ft,1.758,5
CWD6aKjn,Humbert U.,Brooksby J.,0,0,ou,23.50,over,ft,2.15,7
CWD6aKjn,Humbert U.,Brooksby J.,0,0,ou,23.50,under,ft,1.674,7
CWD6aKjn,Humbert U.,Brooksby J.,0,0,ou,24.00,over,ft,2.123,3
CWD6aKjn,Humbert U.,Brooksby J.,0,0,ou,24.00,under,ft,1.66,3
CWD6aKjn,Humbert U.,Brooksby J.,0,0,ou,24.50,over,ft,2.188,5
CWD6aKjn,Humbert U.,Brooksby J.,0,0,ou,24.50,under,ft,1.612,5
CWD6aKjn,Humbert U.,Brooksby J.,0,0,ou,25.00,over,ft,2.32,2
CWD6aKjn,Humbert U.,Brooksby J.,0,0,ou,25.00,under,ft,1.56,2
CWD6aKjn,Humbert U.,Brooksby J.,0,0,ou,25.50,over,ft,2.37,2
CWD6aKjn,Humbert U.,Brooksby J.,0,0,ou,25.50,under,ft,1.49,2
CWD6aKjn,Humbert U.,Brooksby J.,0,0,ou,26.00,over,ft,2.3,2
CWD6aKjn,Humbert U.,Brooksby J.,0,0,ou,26.00,under,ft,1.52,2
CWD6aKjn,Humbert U.,Brooksby J.,0,0,ou,26.50,over,ft,2.643,3
CWD6aKjn,Humbert U.,Brooksby J.,0,0,ou,26.50,under,ft,1.417,3
CWD6aKjn,Humbert U.,Brooksby J.,0,0,ou,27.50,over,ft,2.93,2
CWD6aKjn,Humbert U.,Brooksby J.,0,0,ou,27.50,under,ft,1.33,2
CWD6aKjn,Humbert U.,Brooksby J.,0,0,hc,1.50,home,ft,1.248,4
CWD6aKjn,Humbert U.,Brooksby J.,0,0,hc,1.50,away,ft,3.885,4
CWD6aKjn,Humbert U.,Brooksby J.,0,0,hc,-1.50,home,ft,2.508,6
CWD6aKjn,Humbert U.,Brooksby J.,0,0,hc,-1.50,away,ft,1.502,6
CWD6aKjn,Humbert U.,Brooksby J.,0,0,hc,0,home,ft,1.67,4
CWD6aKjn,Humbert U.,Brooksby J.,0,0,hc,0,away,ft,2.225,4
CWD6aKjn,Humbert U.,Brooksby J.,0,0,hc,12.50,home,ft,1.9,1
CWD6aKjn,Humbert U.,Brooksby J.,0,0,hc,12.50,away,ft,2.12,1
CWD6aKjn,Humbert U.,Brooksby J.,0,0,hc,0.50,home,ft,1.665,6
CWD6aKjn,Humbert U.,Brooksby J.,0,0,hc,0.50,away,ft,2.19,6
CWD6aKjn,Humbert U.,Brooksby J.,0,0,hc,-0.50,home,ft,1.72,6
CWD6aKjn,Humbert U.,Brooksby J.,0,0,hc,-0.50,away,ft,2.097,6
CWD6aKjn,Humbert U.,Brooksby J.,0,0,hc,-0.75,home,ft,1.9,2
CWD6aKjn,Humbert U.,Brooksby J.,0,0,hc,-0.75,away,ft,1.9,2
CWD6aKjn,Humbert U.,Brooksby J.,0,0,hc,1.00,home,ft,1.6,4
CWD6aKjn,Humbert U.,Brooksby J.,0,0,hc,1.00,away,ft,2.292,4
CWD6aKjn,Humbert U.,Brooksby J.,0,0,hc,-1.00,home,ft,1.688,4
CWD6aKjn,Humbert U.,Brooksby J.,0,0,hc,-1.00,away,ft,2.155,4
CWD6aKjn,Humbert U.,Brooksby J.,0,0,hc,-1.25,home,ft,1.93,2
CWD6aKjn,Humbert U.,Brooksby J.,0,0,hc,-1.25,away,ft,1.77,2
CWD6aKjn,Humbert U.,Brooksby J.,0,0,hc,1.50,home,ft,1.47,2
CWD6aKjn,Humbert U.,Brooksby J.,0,0,hc,1.50,away,ft,2.43,2
CWD6aKjn,Humbert U.,Brooksby J.,0,0,hc,-1.50,home,ft,1.733,6
CWD6aKjn,Humbert U.,Brooksby J.,0,0,hc,-1.50,away,ft,2.05,6
CWD6aKjn,Humbert U.,Brooksby J.,0,0,hc,2.00,home,ft,1.43,2
CWD6aKjn,Humbert U.,Brooksby J.,0,0,hc,2.00,away,ft,2.54,2
CWD6aKjn,Humbert U.,Brooksby J.,0,0,hc,-2.00,home,ft,1.818,4
CWD6aKjn,Humbert U.,Brooksby J.,0,0,hc,-2.00,away,ft,1.975,4
CWD6aKjn,Humbert U.,Brooksby J.,0,0,hc,2.50,home,ft,1.49,2
CWD6aKjn,Humbert U.,Brooksby J.,0,0,hc,2.50,away,ft,2.38,2
CWD6aKjn,Humbert U.,Brooksby J.,0,0,hc,-2.50,home,ft,1.945,6
CWD6aKjn,Humbert U.,Brooksby J.,0,0,hc,-2.50,away,ft,1.865,6
CWD6aKjn,Humbert U.,Brooksby J.,0,0,hc,3.00,home,ft,1.41,2
CWD6aKjn,Humbert U.,Brooksby J.,0,0,hc,3.00,away,ft,2.6,2
CWD6aKjn,Humbert U.,Brooksby J.,0,0,hc,-3.00,home,ft,2.095,4
CWD6aKjn,Humbert U.,Brooksby J.,0,0,hc,-3.00,away,ft,1.722,4
CWD6aKjn,Humbert U.,Brooksby J.,0,0,hc,3.50,home,ft,1.31,2
CWD6aKjn,Humbert U.,Brooksby J.,0,0,hc,3.50,away,ft,3.02,2
CWD6aKjn,Humbert U.,Brooksby J.,0,0,hc,-3.50,home,ft,2.297,6
CWD6aKjn,Humbert U.,Brooksby J.,0,0,hc,-3.50,away,ft,1.598,6
CWD6aKjn,Humbert U.,Brooksby J.,0,0,hc,-4.00,home,ft,2.665,2
CWD6aKjn,Humbert U.,Brooksby J.,0,0,hc,-4.00,away,ft,1.44,2
CWD6aKjn,Humbert U.,Brooksby J.,0,0,hc,4.50,home,ft,1.19,2
CWD6aKjn,Humbert U.,Brooksby J.,0,0,hc,4.50,away,ft,4.02,2
CWD6aKjn,Humbert U.,Brooksby J.,0,0,hc,-4.50,home,ft,2.94,2
CWD6aKjn,Humbert U.,Brooksby J.,0,0,hc,-4.50,away,ft,1.365,2
CWD6aKjn,Humbert U.,Brooksby J.,0,0,hc,-5.00,home,ft,3.93,2
CWD6aKjn,Humbert U.,Brooksby J.,0,0,hc,-5.00,away,ft,1.22,2
tC5NexjB,Nishioka Y.,Darderi L.,0,0,ou,2.50,over,ft,2.417,3
tC5NexjB,Nishioka Y.,Darderi L.,0,0,ou,2.50,under,ft,1.587,3
tC5NexjB,Nishioka Y.,Darderi L.,0,0,ou,19.50,over,ft,1.29,2
tC5NexjB,Nishioka Y.,Darderi L.,0,0,ou,19.50,under,ft,3.13,2
tC5NexjB,Nishioka Y.,Darderi L.,0,0,ou,20.00,over,ft,1.4,2
tC5NexjB,Nishioka Y.,Darderi L.,0,0,ou,20.00,under,ft,2.95,2
tC5NexjB,Nishioka Y.,Darderi L.,0,0,ou,20.50,over,ft,1.497,3
tC5NexjB,Nishioka Y.,Darderi L.,0,0,ou,20.50,under,ft,2.547,3
tC5NexjB,Nishioka Y.,Darderi L.,0,0,ou,21.00,over,ft,1.603,4
tC5NexjB,Nishioka Y.,Darderi L.,0,0,ou,21.00,under,ft,2.348,4
tC5NexjB,Nishioka Y.,Darderi L.,0,0,ou,21.50,over,ft,1.634,7
tC5NexjB,Nishioka Y.,Darderi L.,0,0,ou,21.50,under,ft,2.236,7
tC5NexjB,Nishioka Y.,Darderi L.,0,0,ou,22.00,over,ft,1.77,5
tC5NexjB,Nishioka Y.,Darderi L.,0,0,ou,22.00,under,ft,2.058,5
tC5NexjB,Nishioka Y.,Darderi L.,0,0,ou,22.50,over,ft,1.881,7
tC5NexjB,Nishioka Y.,Darderi L.,0,0,ou,22.50,under,ft,1.903,7
tC5NexjB,Nishioka Y.,Darderi L.,0,0,ou,23.00,over,ft,2.044,5
tC5NexjB,Nishioka Y.,Darderi L.,0,0,ou,23.00,under,ft,1.78,5
tC5NexjB,Nishioka Y.,Darderi L.,0,0,ou,23.50,over,ft,2.123,7
tC5NexjB,Nishioka Y.,Darderi L.,0,0,ou,23.50,under,ft,1.693,7
tC5NexjB,Nishioka Y.,Darderi L.,0,0,ou,24.00,over,ft,2.18,2
tC5NexjB,Nishioka Y.,Darderi L.,0,0,ou,24.00,under,ft,1.69,2
tC5NexjB,Nishioka Y.,Darderi L.,0,0,ou,24.50,over,ft,2.155,4
tC5NexjB,Nishioka Y.,Darderi L.,0,0,ou,24.50,under,ft,1.66,4
tC5NexjB,Nishioka Y.,Darderi L.,0,0,ou,25.00,over,ft,2.32,2
tC5NexjB,Nishioka Y.,Darderi L.,0,0,ou,25.00,under,ft,1.61,2
tC5NexjB,Nishioka Y.,Darderi L.,0,0,ou,25.50,over,ft,2.45,2
tC5NexjB,Nishioka Y.,Darderi L.,0,0,ou,25.50,under,ft,1.46,2
tC5NexjB,Nishioka Y.,Darderi L.,0,0,ou,26.50,over,ft,2.71,3
tC5NexjB,Nishioka Y.,Darderi L.,0,0,ou,26.50,under,ft,1.39,3
tC5NexjB,Nishioka Y.,Darderi L.,0,0,ou,27.50,over,ft,3.05,2
tC5NexjB,Nishioka Y.,Darderi L.,0,0,ou,27.50,under,ft,1.31,2
tC5NexjB,Nishioka Y.,Darderi L.,0,0,hc,1.50,home,ft,1.48,6
tC5NexjB,Nishioka Y.,Darderi L.,0,0,hc,1.50,away,ft,2.558,6
tC5NexjB,Nishioka Y.,Darderi L.,0,0,hc,-1.50,home,ft,3.712,4
tC5NexjB,Nishioka Y.,Darderi L.,0,0,hc,-1.50,away,ft,1.265,4
tC5NexjB,Nishioka Y.,Darderi L.,0,0,hc,0,home,ft,2.31,2
tC5NexjB,Nishioka Y.,Darderi L.,0,0,hc,0,away,ft,1.62,2
tC5NexjB,Nishioka Y.,Darderi L.,0,0,hc,12.50,home,ft,2.11,1
tC5NexjB,Nishioka Y.,Darderi L.,0,0,hc,12.50,away,ft,1.9,1
tC5NexjB,Nishioka Y.,Darderi L.,0,0,hc,0.50,home,ft,2.165,4
tC5NexjB,Nishioka Y.,Darderi L.,0,0,hc,0.50,away,ft,1.712,4
tC5NexjB,Nishioka Y.,Darderi L.,0,0,hc,-0.50,home,ft,2.27,2
tC5NexjB,Nishioka Y.,Darderi L.,0,0,hc,-0.50,away,ft,1.53,2
tC5NexjB,Nishioka Y.,Darderi L.,0,0,hc,1.00,home,ft,2.117,4
tC5NexjB,Nishioka Y.,Darderi L.,0,0,hc,1.00,away,ft,1.74,4
tC5NexjB,Nishioka Y.,Darderi L.,0,0,hc,-1.00,home,ft,2.38,2
tC5NexjB,Nishioka Y.,Darderi L.,0,0,hc,-1.00,away,ft,1.49,2
tC5NexjB,Nishioka Y.,Darderi L.,0,0,hc,1.25,home,ft,2.07,2
tC5NexjB,Nishioka Y.,Darderi L.,0,0,hc,1.25,away,ft,1.67,2
tC5NexjB,Nishioka Y.,Darderi L.,0,0,hc,1.50,home,ft,2.017,6
tC5NexjB,Nishioka Y.,Darderi L.,0,0,hc,1.50,away,ft,1.782,6
tC5NexjB,Nishioka Y.,Darderi L.,0,0,hc,-1.50,home,ft,3.13,2
tC5NexjB,Nishioka Y.,Darderi L.,0,0,hc,-1.50,away,ft,1.29,2
tC5NexjB,Nishioka Y.,Darderi L.,0,0,hc,1.75,home,ft,1.95,2
tC5NexjB,Nishioka Y.,Darderi L.,0,0,hc,1.75,away,ft,1.75,2
tC5NexjB,Nishioka Y.,Darderi L.,0,0,hc,2.00,home,ft,1.925,4
tC5NexjB,Nishioka Y.,Darderi L.,0,0,hc,2.00,away,ft,1.905,4
tC5NexjB,Nishioka Y.,Darderi L.,0,0,hc,2.25,home,ft,1.9,2
tC5NexjB,Nishioka Y.,Darderi L.,0,0,hc,2.25,away,ft,1.9,2
tC5NexjB,Nishioka Y.,Darderi L.,0,0,hc,2.50,home,ft,1.908,6
tC5NexjB,Nishioka Y.,Darderi L.,0,0,hc,2.50,away,ft,1.903,6
tC5NexjB,Nishioka Y.,Darderi L.,0,0,hc,-2.50,home,ft,2.95,2
tC5NexjB,Nishioka Y.,Darderi L.,0,0,hc,-2.50,away,ft,1.33,2
tC5NexjB,Nishioka Y.,Darderi L.,0,0,hc,2.75,home,ft,1.72,2
tC5NexjB,Nishioka Y.,Darderi L.,0,0,hc,2.75,away,ft,2.0,2
tC5NexjB,Nishioka Y.,Darderi L.,0,0,hc,3.00,home,ft,1.68,4
tC5NexjB,Nishioka Y.,Darderi L.,0,0,hc,3.00,away,ft,2.223,4
tC5NexjB,Nishioka Y.,Darderi L.,0,0,hc,3.50,home,ft,1.585,6
tC5NexjB,Nishioka Y.,Darderi L.,0,0,hc,3.50,away,ft,2.345,6
tC5NexjB,Nishioka Y.,Darderi L.,0,0,hc,4.00,home,ft,1.475,4
tC5NexjB,Nishioka Y.,Darderi L.,0,0,hc,4.00,away,ft,2.712,4
tC5NexjB,Nishioka Y.,Darderi L.,0,0,hc,4.50,home,ft,1.47,6
tC5NexjB,Nishioka Y.,Darderi L.,0,0,hc,4.50,away,ft,2.708,6
tC5NexjB,Nishioka Y.,Darderi L.,0,0,hc,5.00,home,ft,1.18,2
tC5NexjB,Nishioka Y.,Darderi L.,0,0,hc,5.00,away,ft,4.05,2
tC5NexjB,Nishioka Y.,Darderi L.,0,0,hc,5.50,home,ft,1.2,2
tC5NexjB,Nishioka Y.,Darderi L.,0,0,hc,5.50,away,ft,3.82,2
tC5NexjB,Nishioka Y.,Darderi L.,0,0,hc,6.00,home,ft,1.12,2
tC5NexjB,Nishioka Y.,Darderi L.,0,0,hc,6.00,away,ft,5.7,2
tC5NexjB,Nishioka Y.,Darderi L.,0,0,hc,6.50,home,ft,1.08,2
tC5NexjB,Nishioka Y.,Darderi L.,0,0,hc,6.50,away,ft,6.07,2
tC5NexjB,Nishioka Y.,Darderi L.,0,0,hc,7.50,home,ft,1.02,2
tC5NexjB,Nishioka Y.,Darderi L.,0,0,hc,7.50,away,ft,8.8,2
21nffPE6,Giron M.,Korda S.,1,1,ou,2.50,over,ft,2.38,3
21nffPE6,Giron M.,Korda S.,1,1,ou,2.50,under,ft,1.6,3
21nffPE6,Giron M.,Korda S.,1,1,ou,19.50,over,ft,1.3,2
21nffPE6,Giron M.,Korda S.,1,1,ou,19.50,under,ft,3.12,2
21nffPE6,Giron M.,Korda S.,1,1,ou,20.00,over,ft,1.31,2
21nffPE6,Giron M.,Korda S.,1,1,ou,20.00,under,ft,3.04,2
21nffPE6,Giron M.,Korda S.,1,1,ou,20.50,over,ft,1.423,3
21nffPE6,Giron M.,Korda S.,1,1,ou,20.50,under,ft,2.617,3
21nffPE6,Giron M.,Korda S.,1,1,ou,21.00,over,ft,1.47,2
21nffPE6,Giron M.,Korda S.,1,1,ou,21.00,under,ft,2.5,2
21nffPE6,Giron M.,Korda S.,1,1,ou,21.50,over,ft,1.581,7
21nffPE6,Giron M.,Korda S.,1,1,ou,21.50,under,ft,2.314,7
21nffPE6,Giron M.,Korda S.,1,1,ou,22.00,over,ft,1.696,5
21nffPE6,Giron M.,Korda S.,1,1,ou,22.00,under,ft,2.134,5
21nffPE6,Giron M.,Korda S.,1,1,ou,22.50,over,ft,1.83,7
21nffPE6,Giron M.,Korda S.,1,1,ou,22.50,under,ft,1.953,7
21nffPE6,Giron M.,Korda S.,1,1,ou,23.00,over,ft,1.976,5
21nffPE6,Giron M.,Korda S.,1,1,ou,23.00,under,ft,1.816,5
21nffPE6,Giron M.,Korda S.,1,1,ou,23.50,over,ft,2.029,7
21nffPE6,Giron M.,Korda S.,1,1,ou,23.50,under,ft,1.759,7
21nffPE6,Giron M.,Korda S.,1,1,ou,24.00,over,ft,2.07,5
21nffPE6,Giron M.,Korda S.,1,1,ou,24.00,under,ft,1.706,5
21nffPE6,Giron M.,Korda S.,1,1,ou,24.50,over,ft,2.116,5
21nffPE6,Giron M.,Korda S.,1,1,ou,24.50,under,ft,1.644,5
21nffPE6,Giron M.,Korda S.,1,1,ou,25.00,over,ft,2.16,2
21nffPE6,Giron M.,Korda S.,1,1,ou,25.00,under,ft,1.59,2
21nffPE6,Giron M.,Korda S.,1,1,ou,25.50,over,ft,2.313,3
21nffPE6,Giron M.,Korda S.,1,1,ou,25.50,under,ft,1.527,3
21nffPE6,Giron M.,Korda S.,1,1,ou,26.00,over,ft,2.3,2
21nffPE6,Giron M.,Korda S.,1,1,ou,26.00,under,ft,1.52,2
21nffPE6,Giron M.,Korda S.,1,1,ou,26.50,over,ft,2.61,3
21nffPE6,Giron M.,Korda S.,1,1,ou,26.50,under,ft,1.417,3
21nffPE6,Giron M.,Korda S.,1,1,ou,27.50,over,ft,2.95,2
21nffPE6,Giron M.,Korda S.,1,1,ou,27.50,under,ft,1.33,2
21nffPE6,Giron M.,Korda S.,1,1,hc,1.50,home,ft,1.545,6
21nffPE6,Giron M.,Korda S.,1,1,hc,1.50,away,ft,2.388,6
21nffPE6,Giron M.,Korda S.,1,1,hc,-1.50,home,ft,4.032,4
21nffPE6,Giron M.,Korda S.,1,1,hc,-1.50,away,ft,1.235,4
21nffPE6,Giron M.,Korda S.,1,1,hc,0,home,ft,2.38,2
21nffPE6,Giron M.,Korda S.,1,1,hc,0,away,ft,1.49,2
21nffPE6,Giron M.,Korda S.,1,1,hc,0.50,home,ft,2.208,4
21nffPE6,Giron M.,Korda S.,1,1,hc,0.50,away,ft,1.585,4
21nffPE6,Giron M.,Korda S.,1,1,hc,-0.50,home,ft,2.35,2
21nffPE6,Giron M.,Korda S.,1,1,hc,-0.50,away,ft,1.5,2
21nffPE6,Giron M.,Korda S.,1,1,hc,1.00,home,ft,2.15,2
21nffPE6,Giron M.,Korda S.,1,1,hc,1.00,away,ft,1.59,2
21nffPE6,Giron M.,Korda S.,1,1,hc,-1.00,home,ft,2.49,2
21nffPE6,Giron M.,Korda S.,1,1,hc,-1.00,away,ft,1.45,2
21nffPE6,Giron M.,Korda S.,1,1,hc,1.50,home,ft,2.08,6
21nffPE6,Giron M.,Korda S.,1,1,hc,1.50,away,ft,1.692,6
21nffPE6,Giron M.,Korda S.,1,1,hc,-1.50,home,ft,2.64,2
21nffPE6,Giron M.,Korda S.,1,1,hc,-1.50,away,ft,1.4,2
21nffPE6,Giron M.,Korda S.,1,1,hc,2.00,home,ft,1.97,4
21nffPE6,Giron M.,Korda S.,1,1,hc,2.00,away,ft,1.795,4
21nffPE6,Giron M.,Korda S.,1,1,hc,2.50,home,ft,1.865,6
21nffPE6,Giron M.,Korda S.,1,1,hc,2.50,away,ft,1.928,6
21nffPE6,Giron M.,Korda S.,1,1,hc,-2.50,home,ft,3.03,2
21nffPE6,Giron M.,Korda S.,1,1,hc,-2.50,away,ft,1.31,2
21nffPE6,Giron M.,Korda S.,1,1,hc,3.00,home,ft,1.695,4
21nffPE6,Giron M.,Korda S.,1,1,hc,3.00,away,ft,2.098,4
21nffPE6,Giron M.,Korda S.,1,1,hc,3.50,home,ft,1.593,6
21nffPE6,Giron M.,Korda S.,1,1,hc,3.50,away,ft,2.263,6
21nffPE6,Giron M.,Korda S.,1,1,hc,4.00,home,ft,1.435,4
21nffPE6,Giron M.,Korda S.,1,1,hc,4.00,away,ft,2.712,4
21nffPE6,Giron M.,Korda S.,1,1,hc,4.50,home,ft,1.3,2
21nffPE6,Giron M.,Korda S.,1,1,hc,4.50,away,ft,3.08,2
21nffPE6,Giron M.,Korda S.,1,1,hc,5.00,home,ft,1.17,2
21nffPE6,Giron M.,Korda S.,1,1,hc,5.00,away,ft,4.25,2
21nffPE6,Giron M.,Korda S.,1,1,hc,5.50,home,ft,1.14,2
21nffPE6,Giron M.,Korda S.,1,1,hc,5.50,away,ft,4.7,2
21nffPE6,Giron M.,Korda S.,1,1,hc,6.50,home,ft,1.04,2
21nffPE6,Giron M.,Korda S.,1,1,hc,6.50,away,ft,7.5,2
21nffPE6,Giron M.,Korda S.,1,1,hc,7.50,away,ft,9.35,2
zcqdmOmf,Fucsovics M.,Tiafoe F.,2,2,ou,2.50,over,ft,2.247,3
zcqdmOmf,Fucsovics M.,Tiafoe F.,2,2,ou,2.50,under,ft,1.657,3
zcqdmOmf,Fucsovics M.,Tiafoe F.,2,2,ou,19.50,over,ft,1.25,2
zcqdmOmf,Fucsovics M.,Tiafoe F.,2,2,ou,19.50,under,ft,3.44,2
zcqdmOmf,Fucsovics M.,Tiafoe F.,2,2,ou,20.00,over,ft,1.27,2
zcqdmOmf,Fucsovics M.,Tiafoe F.,2,2,ou,20.00,under,ft,3.28,2
zcqdmOmf,Fucsovics M.,Tiafoe F.,2,2,ou,20.50,over,ft,1.387,4
zcqdmOmf,Fucsovics M.,Tiafoe F.,2,2,ou,20.50,under,ft,2.815,4
zcqdmOmf,Fucsovics M.,Tiafoe F.,2,2,ou,21.00,over,ft,1.38,2
zcqdmOmf,Fucsovics M.,Tiafoe F.,2,2,ou,21.00,under,ft,3.03,2
zcqdmOmf,Fucsovics M.,Tiafoe F.,2,2,ou,21.50,over,ft,1.49,2
zcqdmOmf,Fucsovics M.,Tiafoe F.,2,2,ou,21.50,under,ft,2.63,2
zcqdmOmf,Fucsovics M.,Tiafoe F.,2,2,ou,22.00,over,ft,1.598,5
zcqdmOmf,Fucsovics M.,Tiafoe F.,2,2,ou,22.00,under,ft,2.35,5
zcqdmOmf,Fucsovics M.,Tiafoe F.,2,2,ou,22.50,over,ft,1.74,7
zcqdmOmf,Fucsovics M.,Tiafoe F.,2,2,ou,22.50,under,ft,2.049,7
zcqdmOmf,Fucsovics M.,Tiafoe F.,2,2,ou,23.00,over,ft,1.868,5
zcqdmOmf,Fucsovics M.,Tiafoe F.,2,2,ou,23.00,under,ft,1.942,5
zcqdmOmf,Fucsovics M.,Tiafoe F.,2,2,ou,23.50,over,ft,1.986,7
zcqdmOmf,Fucsovics M.,Tiafoe F.,2,2,ou,23.50,under,ft,1.804,7
zcqdmOmf,Fucsovics M.,Tiafoe F.,2,2,ou,24.00,over,ft,2.022,5
zcqdmOmf,Fucsovics M.,Tiafoe F.,2,2,ou,24.00,under,ft,1.794,5
zcqdmOmf,Fucsovics M.,Tiafoe F.,2,2,ou,24.50,over,ft,2.065,6
zcqdmOmf,Fucsovics M.,Tiafoe F.,2,2,ou,24.50,under,ft,1.718,6
zcqdmOmf,Fucsovics M.,Tiafoe F.,2,2,ou,25.00,over,ft,2.1,2
zcqdmOmf,Fucsovics M.,Tiafoe F.,2,2,ou,25.00,under,ft,1.74,2
zcqdmOmf,Fucsovics M.,Tiafoe F.,2,2,ou,25.50,over,ft,2.187,3
zcqdmOmf,Fucsovics M.,Tiafoe F.,2,2,ou,25.50,under,ft,1.66,3
zcqdmOmf,Fucsovics M.,Tiafoe F.,2,2,ou,26.00,over,ft,2.37,2
zcqdmOmf,Fucsovics M.,Tiafoe F.,2,2,ou,26.00,under,ft,1.59,2
zcqdmOmf,Fucsovics M.,Tiafoe F.,2,2,ou,26.50,over,ft,2.4,4
zcqdmOmf,Fucsovics M.,Tiafoe F.,2,2,ou,26.50,under,ft,1.508,4
zcqdmOmf,Fucsovics M.,Tiafoe F.,2,2,ou,27.50,over,ft,2.54,2
zcqdmOmf,Fucsovics M.,Tiafoe F.,2,2,ou,27.50,under,ft,1.43,2
zcqdmOmf,Fucsovics M.,Tiafoe F.,2,2,ou,28.50,over,ft,3.05,1
zcqdmOmf,Fucsovics M.,Tiafoe F.,2,2,ou,28.50,under,ft,1.37,1
zcqdmOmf,Fucsovics M.,Tiafoe F.,2,2,hc,1.50,home,ft,1.33,6
zcqdmOmf,Fucsovics M.,Tiafoe F.,2,2,hc,1.50,away,ft,3.202,6
zcqdmOmf,Fucsovics M.,Tiafoe F.,2,2,hc,-1.50,home,ft,2.913,6
zcqdmOmf,Fucsovics M.,Tiafoe F.,2,2,hc,-1.50,away,ft,1.383,6
zcqdmOmf,Fucsovics M.,Tiafoe F.,2,2,hc,0,home,ft,1.81,4
zcqdmOmf,Fucsovics M.,Tiafoe F.,2,2,hc,0,away,ft,2.03,4
zcqdmOmf,Fucsovics M.,Tiafoe F.,2,2,hc,12.50,home,ft,2.02,1
zcqdmOmf,Fucsovics M.,Tiafoe F.,2,2,hc,12.50,away,ft,1.9,1
zcqdmOmf,Fucsovics M.,Tiafoe F.,2,2,hc,0.50,home,ft,1.765,6
zcqdmOmf,Fucsovics M.,Tiafoe F.,2,2,hc,0.50,away,ft,2.048,6
zcqdmOmf,Fucsovics M.,Tiafoe F.,2,2,hc,-0.50,home,ft,1.875,6
zcqdmOmf,Fucsovics M.,Tiafoe F.,2,2,hc,-0.50,away,ft,1.903,6
zcqdmOmf,Fucsovics M.,Tiafoe F.,2,2,hc,1.00,home,ft,1.7,4
zcqdmOmf,Fucsovics M.,Tiafoe F.,2,2,hc,1.00,away,ft,2.178,4
zcqdmOmf,Fucsovics M.,Tiafoe F.,2,2,hc,-1.00,home,ft,1.965,4
zcqdmOmf,Fucsovics M.,Tiafoe F.,2,2,hc,-1.00,away,ft,1.863,4
zcqdmOmf,Fucsovics M.,Tiafoe F.,2,2,hc,1.50,home,ft,1.648,5
zcqdmOmf,Fucsovics M.,Tiafoe F.,2,2,hc,1.50,away,ft,2.246,5
zcqdmOmf,Fucsovics M.,Tiafoe F.,2,2,hc,-1.50,home,ft,2.018,5
zcqdmOmf,Fucsovics M.,Tiafoe F.,2,2,hc,-1.50,away,ft,1.784,5
zcqdmOmf,Fucsovics M.,Tiafoe F.,2,2,hc,2.00,home,ft,1.625,4
zcqdmOmf,Fucsovics M.,Tiafoe F.,2,2,hc,2.00,away,ft,2.333,4
zcqdmOmf,Fucsovics M.,Tiafoe F.,2,2,hc,-2.00,home,ft,2.167,4
zcqdmOmf,Fucsovics M.,Tiafoe F.,2,2,hc,-2.00,away,ft,1.71,4
zcqdmOmf,Fucsovics M.,Tiafoe F.,2,2,hc,2.50,home,ft,1.565,6
zcqdmOmf,Fucsovics M.,Tiafoe F.,2,2,hc,2.50,away,ft,2.345,6
zcqdmOmf,Fucsovics M.,Tiafoe F.,2,2,hc,-2.50,home,ft,2.228,6
zcqdmOmf,Fucsovics M.,Tiafoe F.,2,2,hc,-2.50,away,ft,1.647,6
zcqdmOmf,Fucsovics M.,Tiafoe F.,2,2,hc,3.00,home,ft,1.4,2
zcqdmOmf,Fucsovics M.,Tiafoe F.,2,2,hc,3.00,away,ft,2.63,2
zcqdmOmf,Fucsovics M.,Tiafoe F.,2,2,hc,-3.00,home,ft,2.79,2
zcqdmOmf,Fucsovics M.,Tiafoe F.,2,2,hc,-3.00,away,ft,1.44,2
zcqdmOmf,Fucsovics M.,Tiafoe F.,2,2,hc,3.50,home,ft,1.383,3
zcqdmOmf,Fucsovics M.,Tiafoe F.,2,2,hc,3.50,away,ft,2.87,3
zcqdmOmf,Fucsovics M.,Tiafoe F.,2,2,hc,-3.50,home,ft,2.757,3
zcqdmOmf,Fucsovics M.,Tiafoe F.,2,2,hc,-3.50,away,ft,1.393,3
zcqdmOmf,Fucsovics M.,Tiafoe F.,2,2,hc,4.00,home,ft,1.29,2
zcqdmOmf,Fucsovics M.,Tiafoe F.,2,2,hc,4.00,away,ft,3.13,2
zcqdmOmf,Fucsovics M.,Tiafoe F.,2,2,hc,-4.00,home,ft,3.47,2
zcqdmOmf,Fucsovics M.,Tiafoe F.,2,2,hc,-4.00,away,ft,1.24,2
h441lfro,Altmaier D.,Shapovalov D.,2,2,ou,2.50,over,ft,2.54,2
h441lfro,Altmaier D.,Shapovalov D.,2,2,ou,2.50,under,ft,1.555,2
h441lfro,Altmaier D.,Shapovalov D.,2,2,ou,18.50,over,ft,1.2,2
h441lfro,Altmaier D.,Shapovalov D.,2,2,ou,18.50,under,ft,3.82,2
h441lfro,Altmaier D.,Shapovalov D.,2,2,ou,19.00,over,ft,1.27,2
h441lfro,Altmaier D.,Shapovalov D.,2,2,ou,19.00,under,ft,3.28,2
h441lfro,Altmaier D.,Shapovalov D.,2,2,ou,19.50,over,ft,1.35,2
h441lfro,Altmaier D.,Shapovalov D.,2,2,ou,19.50,under,ft,2.84,2
h441lfro,Altmaier D.,Shapovalov D.,2,2,ou,20.00,over,ft,1.36,2
h441lfro,Altmaier D.,Shapovalov D.,2,2,ou,20.00,under,ft,2.8,2
h441lfro,Altmaier D.,Shapovalov D.,2,2,ou,20.50,over,ft,1.513,3
h441lfro,Altmaier D.,Shapovalov D.,2,2,ou,20.50,under,ft,2.387,3
h441lfro,Altmaier D.,Shapovalov D.,2,2,ou,21.00,over,ft,1.586,5
h441lfro,Altmaier D.,Shapovalov D.,2,2,ou,21.00,under,ft,2.298,5
h441lfro,Altmaier D.,Shapovalov D.,2,2,ou,21.50,over,ft,1.663,7
h441lfro,Altmaier D.,Shapovalov D.,2,2,ou,21.50,under,ft,2.16,7
h441lfro,Altmaier D.,Shapovalov D.,2,2,ou,22.00,over,ft,1.792,5
h441lfro,Altmaier D.,Shapovalov D.,2,2,ou,22.00,under,ft,2.004,5
h441lfro,Altmaier D.,Shapovalov D.,2,2,ou,22.50,over,ft,1.953,7
h441lfro,Altmaier D.,Shapovalov D.,2,2,ou,22.50,under,ft,1.827,7
h441lfro,Altmaier D.,Shapovalov D.,2,2,ou,23.00,over,ft,2.088,5
h441lfro,Altmaier D.,Shapovalov D.,2,2,ou,23.00,under,ft,1.728,5
h441lfro,Altmaier D.,Shapovalov D.,2,2,ou,23.50,over,ft,2.211,7
h441lfro,Altmaier D.,Shapovalov D.,2,2,ou,23.50,under,ft,1.634,7
h441lfro,Altmaier D.,Shapovalov D.,2,2,ou,24.00,over,ft,2.2,2
h441lfro,Altmaier D.,Shapovalov D.,2,2,ou,24.00,under,ft,1.6,2
h441lfro,Altmaier D.,Shapovalov D.,2,2,ou,24.50,over,ft,2.207,3
h441lfro,Altmaier D.,Shapovalov D.,2,2,ou,24.50,under,ft,1.57,3
h441lfro,Altmaier D.,Shapovalov D.,2,2,ou,25.00,over,ft,2.3,2
h441lfro,Altmaier D.,Shapovalov D.,2,2,ou,25.00,under,ft,1.52,2
h441lfro,Altmaier D.,Shapovalov D.,2,2,ou,25.50,over,ft,2.44,2
h441lfro,Altmaier D.,Shapovalov D.,2,2,ou,25.50,under,ft,1.46,2
h441lfro,Altmaier D.,Shapovalov D.,2,2,ou,26.50,over,ft,2.73,2
h441lfro,Altmaier D.,Shapovalov D.,2,2,ou,26.50,under,ft,1.38,2
h441lfro,Altmaier D.,Shapovalov D.,2,2,hc,1.50,home,ft,1.797,6
h441lfro,Altmaier D.,Shapovalov D.,2,2,hc,1.50,away,ft,1.978,6
h441lfro,Altmaier D.,Shapovalov D.,2,2,hc,-1.50,home,ft,5.853,4
h441lfro,Altmaier D.,Shapovalov D.,2,2,hc,-1.50,away,ft,1.13,4
h441lfro,Altmaier D.,Shapovalov D.,2,2,hc,1.00,home,ft,2.91,2
h441lfro,Altmaier D.,Shapovalov D.,2,2,hc,1.00,away,ft,1.38,2
h441lfro,Altmaier D.,Shapovalov D.,2,2,hc,1.50,home,ft,2.71,2
h441lfro,Altmaier D.,Shapovalov D.,2,2,hc,1.50,away,ft,1.43,2
h441lfro,Altmaier D.,Shapovalov D.,2,2,hc,2.00,home,ft,2.54,2
h441lfro,Altmaier D.,Shapovalov D.,2,2,hc,2.00,away,ft,1.48,2
h441lfro,Altmaier D.,Shapovalov D.,2,2,hc,2.50,home,ft,2.34,6
h441lfro,Altmaier D.,Shapovalov D.,2,2,hc,2.50,away,ft,1.578,6
h441lfro,Altmaier D.,Shapovalov D.,2,2,hc,3.00,home,ft,2.145,4
h441lfro,Altmaier D.,Shapovalov D.,2,2,hc,3.00,away,ft,1.702,4
h441lfro,Altmaier D.,Shapovalov D.,2,2,hc,3.50,home,ft,1.916,5
h441lfro,Altmaier D.,Shapovalov D.,2,2,hc,3.50,away,ft,1.892,5
h441lfro,Altmaier D.,Shapovalov D.,2,2,hc,4.00,home,ft,1.672,4
h441lfro,Altmaier D.,Shapovalov D.,2,2,hc,4.00,away,ft,2.19,4
h441lfro,Altmaier D.,Shapovalov D.,2,2,hc,4.50,home,ft,1.522,6
h441lfro,Altmaier D.,Shapovalov D.,2,2,hc,4.50,away,ft,2.477,6
h441lfro,Altmaier D.,Shapovalov D.,2,2,hc,5.00,home,ft,1.353,4
h441lfro,Altmaier D.,Shapovalov D.,2,2,hc,5.00,away,ft,3.145,4
h441lfro,Altmaier D.,Shapovalov D.,2,2,hc,5.50,home,ft,1.26,2
h441lfro,Altmaier D.,Shapovalov D.,2,2,hc,5.50,away,ft,3.64,2
h441lfro,Altmaier D.,Shapovalov D.,2,2,hc,6.00,home,ft,1.13,2
h441lfro,Altmaier D.,Shapovalov D.,2,2,hc,6.00,away,ft,5.5,2
ljl48FZG,Watanuki Y.,Borges N.,1,1,ou,2.50,over,ft,2.35,2
ljl48FZG,Watanuki Y.,Borges N.,1,1,ou,2.50,under,ft,1.64,2
ljl48FZG,Watanuki Y.,Borges N.,1,1,ou,18.50,over,ft,1.183,3
ljl48FZG,Watanuki Y.,Borges N.,1,1,ou,18.50,under,ft,4.307,3
ljl48FZG,Watanuki Y.,Borges N.,1,1,ou,19.50,over,ft,1.31,2
ljl48FZG,Watanuki Y.,Borges N.,1,1,ou,19.50,under,ft,3.03,2
ljl48FZG,Watanuki Y.,Borges N.,1,1,ou,20.00,over,ft,1.31,2
ljl48FZG,Watanuki Y.,Borges N.,1,1,ou,20.00,under,ft,3.255,2
ljl48FZG,Watanuki Y.,Borges N.,1,1,ou,20.50,over,ft,1.42,3
ljl48FZG,Watanuki Y.,Borges N.,1,1,ou,20.50,under,ft,2.78,3
ljl48FZG,Watanuki Y.,Borges N.,1,1,ou,21.00,over,ft,1.46,2
ljl48FZG,Watanuki Y.,Borges N.,1,1,ou,21.00,under,ft,2.625,2
ljl48FZG,Watanuki Y.,Borges N.,1,1,ou,21.50,over,ft,1.571,7
ljl48FZG,Watanuki Y.,Borges N.,1,1,ou,21.50,under,ft,2.356,7
ljl48FZG,Watanuki Y.,Borges N.,1,1,ou,22.00,over,ft,1.666,5
ljl48FZG,Watanuki Y.,Borges N.,1,1,ou,22.00,under,ft,2.198,5
ljl48FZG,Watanuki Y.,Borges N.,1,1,ou,22.50,over,ft,1.821,7
ljl48FZG,Watanuki Y.,Borges N.,1,1,ou,22.50,under,ft,1.976,7
ljl48FZG,Watanuki Y.,Borges N.,1,1,ou,23.00,over,ft,1.928,5
ljl48FZG,Watanuki Y.,Borges N.,1,1,ou,23.00,under,ft,1.868,5
ljl48FZG,Watanuki Y.,Borges N.,1,1,ou,23.50,over,ft,2.031,7
ljl48FZG,Watanuki Y.,Borges N.,1,1,ou,23.50,under,ft,1.77,7
ljl48FZG,Watanuki Y.,Borges N.,1,1,ou,24.00,over,ft,2.082,5
ljl48FZG,Watanuki Y.,Borges N.,1,1,ou,24.00,under,ft,1.726,5
ljl48FZG,Watanuki Y.,Borges N.,1,1,ou,24.50,over,ft,2.08,4
ljl48FZG,Watanuki Y.,Borges N.,1,1,ou,24.50,under,ft,1.702,4
ljl48FZG,Watanuki Y.,Borges N.,1,1,ou,25.00,over,ft,2.165,2
ljl48FZG,Watanuki Y.,Borges N.,1,1,ou,25.00,under,ft,1.64,2
ljl48FZG,Watanuki Y.,Borges N.,1,1,ou,25.50,over,ft,2.17,2
ljl48FZG,Watanuki Y.,Borges N.,1,1,ou,25.50,under,ft,1.6,2
ljl48FZG,Watanuki Y.,Borges N.,1,1,ou,26.00,over,ft,2.33,2
ljl48FZG,Watanuki Y.,Borges N.,1,1,ou,26.00,under,ft,1.51,2
ljl48FZG,Watanuki Y.,Borges N.,1,1,ou,26.50,over,ft,2.52,3
ljl48FZG,Watanuki Y.,Borges N.,1,1,ou,26.50,under,ft,1.463,3
ljl48FZG,Watanuki Y.,Borges N.,1,1,ou,27.50,over,ft,2.75,2
ljl48FZG,Watanuki Y.,Borges N.,1,1,ou,27.50,under,ft,1.37,2
ljl48FZG,Watanuki Y.,Borges N.,1,1,hc,0.50,home,ft,2.29,1
ljl48FZG,Watanuki Y.,Borges N.,1,1,hc,0.50,away,ft,1.65,1
ljl48FZG,Watanuki Y.,Borges N.,1,1,hc,1.00,home,ft,1.78,1
ljl48FZG,Watanuki Y.,Borges N.,1,1,hc,1.00,away,ft,2.06,1
ljl48FZG,Watanuki Y.,Borges N.,1,1,hc,1.50,home,ft,1.48,6
ljl48FZG,Watanuki Y.,Borges N.,1,1,hc,1.50,away,ft,2.578,6
ljl48FZG,Watanuki Y.,Borges N.,1,1,hc,-1.50,home,ft,3.795,4
ljl48FZG,Watanuki Y.,Borges N.,1,1,hc,-1.50,away,ft,1.262,4
ljl48FZG,Watanuki Y.,Borges N.,1,1,hc,0,home,ft,2.39,2
ljl48FZG,Watanuki Y.,Borges N.,1,1,hc,0,away,ft,1.565,2
ljl48FZG,Watanuki Y.,Borges N.,1,1,hc,12.50,home,ft,1.97,1
ljl48FZG,Watanuki Y.,Borges N.,1,1,hc,12.50,away,ft,1.76,1
ljl48FZG,Watanuki Y.,Borges N.,1,1,hc,0.50,home,ft,2.19,6
ljl48FZG,Watanuki Y.,Borges N.,1,1,hc,0.50,away,ft,1.663,6
ljl48FZG,Watanuki Y.,Borges N.,1,1,hc,-0.50,home,ft,2.39,2
ljl48FZG,Watanuki Y.,Borges N.,1,1,hc,-0.50,away,ft,1.54,2
ljl48FZG,Watanuki Y.,Borges N.,1,1,hc,1.00,home,ft,2.143,4
ljl48FZG,Watanuki Y.,Borges N.,1,1,hc,1.00,away,ft,1.715,4
ljl48FZG,Watanuki Y.,Borges N.,1,1,hc,-1.00,home,ft,2.52,2
ljl48FZG,Watanuki Y.,Borges N.,1,1,hc,-1.00,away,ft,1.49,2
ljl48FZG,Watanuki Y.,Borges N.,1,1,hc,1.50,home,ft,2.063,6
ljl48FZG,Watanuki Y.,Borges N.,1,1,hc,1.50,away,ft,1.752,6
ljl48FZG,Watanuki Y.,Borges N.,1,1,hc,-1.50,home,ft,2.453,3
ljl48FZG,Watanuki Y.,Borges N.,1,1,hc,-1.50,away,ft,1.49,3
ljl48FZG,Watanuki Y.,Borges N.,1,1,hc,2.00,home,ft,1.915,4
ljl48FZG,Watanuki Y.,Borges N.,1,1,hc,2.00,away,ft,1.91,4
ljl48FZG,Watanuki Y.,Borges N.,1,1,hc,2.50,home,ft,1.792,6
ljl48FZG,Watanuki Y.,Borges N.,1,1,hc,2.50,away,ft,2.013,6
ljl48FZG,Watanuki Y.,Borges N.,1,1,hc,3.00,home,ft,1.633,4
ljl48FZG,Watanuki Y.,Borges N.,1,1,hc,3.00,away,ft,2.285,4
ljl48FZG,Watanuki Y.,Borges N.,1,1,hc,3.50,home,ft,1.567,6
ljl48FZG,Watanuki Y.,Borges N.,1,1,hc,3.50,away,ft,2.365,6
ljl48FZG,Watanuki Y.,Borges N.,1,1,hc,-3.50,home,ft,3.96,1
ljl48FZG,Watanuki Y.,Borges N.,1,1,hc,-3.50,away,ft,1.25,1
ljl48FZG,Watanuki Y.,Borges N.,1,1,hc,4.00,home,ft,1.433,4
ljl48FZG,Watanuki Y.,Borges N.,1,1,hc,4.00,away,ft,2.83,4
ljl48FZG,Watanuki Y.,Borges N.,1,1,hc,4.50,home,ft,1.32,3
ljl48FZG,Watanuki Y.,Borges N.,1,1,hc,4.50,away,ft,3.08,3
ljl48FZG,Watanuki Y.,Borges N.,1,1,hc,5.00,home,ft,1.14,2
ljl48FZG,Watanuki Y.,Borges N.,1,1,hc,5.00,away,ft,4.6,2
ljl48FZG,Watanuki Y.,Borges N.,1,1,hc,5.50,home,ft,1.177,3
ljl48FZG,Watanuki Y.,Borges N.,1,1,hc,5.50,away,ft,4.4,3
ljl48FZG,Watanuki Y.,Borges N.,1,1,hc,6.50,home,ft,1.08,2
ljl48FZG,Watanuki Y.,Borges N.,1,1,hc,6.50,away,ft,6.15,2
ljl48FZG,Watanuki Y.,Borges N.,1,1,hc,7.50,home,ft,1.02,2
ljl48FZG,Watanuki Y.,Borges N.,1,1,hc,7.50,away,ft,8.8,2
